<?xml version="1.0" encoding="UTF-8" standalone="no"?>
<!-- Created with Inkscape (http://www.inkscape.org/) -->
<svg xmlns:dc="http://purl.org/dc/elements/1.1/" xmlns:cc="http://creativecommons.org/ns#" xmlns:rdf="http://www.w3.org/1999/02/22-rdf-syntax-ns#" xmlns:svg="http://www.w3.org/2000/svg" xmlns="http://www.w3.org/2000/svg" xmlns:xlink="http://www.w3.org/1999/xlink" xmlns:sodipodi="http://sodipodi.sourceforge.net/DTD/sodipodi-0.dtd" xmlns:inkscape="http://www.inkscape.org/namespaces/inkscape" id="svg2" sodipodi:version="0.32" inkscape:version="0.92.5 (2060ec1f9f, 2020-04-08)" width="256" height="256" version="1.0" sodipodi:docname="cs-sources.svg">
 <metadata id="metadata7">
  <rdf:RDF>
   <cc:Work>
    <dc:format>image/svg+xml</dc:format>
    <dc:type rdf:resource="http://purl.org/dc/dcmitype/StillImage"/>
    <dc:title/>
   </cc:Work>
  </rdf:RDF>
 </metadata>
 <defs id="defs5">
  <linearGradient inkscape:collect="always" id="linearGradient838">
   <stop id="stop834" stop-color="#ffffff" stop-opacity="0.593"/>
   <stop offset="1" id="stop836" stop-color="#ffffff" stop-opacity="0"/>
  </linearGradient>
  <filter inkscape:collect="always" id="filter4206" x="-0.024" width="1.048" y="-0.071" height="1.141" color-interpolation-filters="sRGB">
   <feGaussianBlur inkscape:collect="always" stdDeviation="2.13195" id="feGaussianBlur4208"/>
  </filter>
  <linearGradient inkscape:collect="always" xlink:href="#linearGradient838" id="linearGradient840" x1="185.5" y1="53.09" x2="186.31" y2="54.857" gradientUnits="userSpaceOnUse" spreadMethod="reflect" gradientTransform="rotate(0.27247956,145.35914,59.482175)"/>
  <linearGradient inkscape:collect="always" xlink:href="#linearGradient838" id="linearGradient844" gradientUnits="userSpaceOnUse" gradientTransform="matrix(-0.98064081,0.19581523,0.19581523,0.98064081,249.36597,-17.860631)" x1="185.5" y1="53.09" x2="186.31" y2="54.857" spreadMethod="reflect"/>
  <linearGradient inkscape:collect="always" xlink:href="#linearGradient838" id="linearGradient848" gradientUnits="userSpaceOnUse" gradientTransform="rotate(114.98474,122.96171,82.356762)" x1="185.5" y1="53.09" x2="186.31" y2="54.857" spreadMethod="reflect"/>
  <clipPath id="clipPath2059" clipPathUnits="userSpaceOnUse">
   <path stroke-miterlimit="4" stroke-width="0.048" stroke-linecap="butt" fill-opacity="1" stroke-linejoin="miter" stroke="none" fill-rule="evenodd" fill="#ffffff" stroke-opacity="1" stroke-dasharray="none" inkscape:connector-curvature="0" sodipodi:nodetypes="csscsscccccccs" id="path2061" d="m -10.099732,231.68531 c 3.5587363,2.50616 4.8319716,-0.58528 2.9651647,-3.064 -3.1818907,-4.22486 -6.4443207,-9.83985 -12.3548527,-15.91305 -2.594516,-2.66865 -11.860659,-7.80827 -11.860659,-7.80827 0,0 -0.115438,-2.18844 -0.09884,-3.064 0.01106,-0.582 -0.565687,-0.56369 -0.889553,-0.29652 -0.782426,0.64546 -2.47097,2.56981 -2.47097,2.56981 l -1.68026,-0.0988 -1.087226,-1.58142 c -0.296516,-0.41055 -0.636056,-0.34641 -0.88955,0 -0.545383,1.84962 -0.878698,3.8848 -3.459359,3.95355 l 4.447747,3.95356 c 7.76561,1.55335 15.578734,5.58545 20.261957,14.33163 0,0 4.526451,5.19364 7.116396,7.01755 z"/>
  </clipPath>
  <linearGradient inkscape:collect="always" id="linearGradient1306">
   <stop stop-opacity="1" stop-color="#b4a51c" id="stop1302"/>
   <stop stop-opacity="0.992" stop-color="#e9d417" offset="1" id="stop1304"/>
  </linearGradient>
  <linearGradient inkscape:collect="always" id="linearGradient5959">
   <stop id="stop5961" stop-color="#efcf34" stop-opacity="1"/>
   <stop offset="1" id="stop5963" stop-color="#88700d" stop-opacity="1"/>
  </linearGradient>
  <linearGradient inkscape:collect="always" xlink:href="#linearGradient5959" id="linearGradient5965" x1="39.575" y1="60.906" x2="39.897" y2="57.37" gradientUnits="userSpaceOnUse" spreadMethod="reflect" gradientTransform="matrix(0.77446883,0,0,0.77446883,0.7713202,232.83867)"/>
  <linearGradient inkscape:collect="always" xlink:href="#linearGradient5959" id="linearGradient5969" gradientUnits="userSpaceOnUse" spreadMethod="reflect" x1="39.575" y1="60.906" x2="39.897" y2="57.37" gradientTransform="matrix(0.55945982,0,0,0.62018957,9.3564601,242.73152)"/>
  <linearGradient gradientTransform="matrix(0.25378727,0,0,0.25378727,0.02355019,228.12439)" inkscape:collect="always" xlink:href="#linearGradient1306" id="linearGradient1308" x1="126.45" y1="225.09" x2="129.88" y2="201.29" gradientUnits="userSpaceOnUse"/>
  <linearGradient gradientTransform="matrix(0.25378727,0,0,0.25378727,0.02355019,228.12439)" inkscape:collect="always" xlink:href="#linearGradient1306" id="linearGradient1316" x1="128.59" y1="230.32" x2="129.33" y2="202.44" gradientUnits="userSpaceOnUse"/>
  <clipPath clipPathUnits="userSpaceOnUse" id="clipPath2059-5">
   <path d="m -10.099732,231.68531 c 3.5587363,2.50616 4.8319716,-0.58528 2.9651647,-3.064 -3.1818907,-4.22486 -6.4443207,-9.83985 -12.3548527,-15.91305 -2.594516,-2.66865 -11.860659,-7.80827 -11.860659,-7.80827 0,0 -0.115438,-2.18844 -0.09884,-3.064 0.01106,-0.582 -0.565687,-0.56369 -0.889553,-0.29652 -0.782426,0.64546 -2.47097,2.56981 -2.47097,2.56981 l -1.68026,-0.0988 -1.087226,-1.58142 c -0.296516,-0.41055 -0.636056,-0.34641 -0.88955,0 -0.545383,1.84962 -0.878698,3.8848 -3.459359,3.95355 l 4.447747,3.95356 c 7.76561,1.55335 15.578734,5.58545 20.261957,14.33163 0,0 4.526451,5.19364 7.116396,7.01755 z" id="path2061-3" sodipodi:nodetypes="csscsscccccccs" inkscape:connector-curvature="0" stroke-dasharray="none" stroke-opacity="1" fill="#ffffff" fill-rule="evenodd" stroke="none" stroke-linejoin="miter" fill-opacity="1" stroke-linecap="butt" stroke-width="0.048" stroke-miterlimit="4"/>
  </clipPath>
  <linearGradient id="linearGradient1174" inkscape:collect="always">
   <stop id="stop1170" stop-color="#000000" stop-opacity="1"/>
   <stop id="stop1172" offset="1" stop-color="#000000" stop-opacity="0.151"/>
  </linearGradient>
  <linearGradient id="linearGradient903" inkscape:collect="always">
   <stop id="stop899" stop-color="#000000" stop-opacity="1"/>
   <stop offset="0.793" id="stop907" stop-color="#000000" stop-opacity="1"/>
   <stop id="stop901" offset="1" stop-color="#000000" stop-opacity="0"/>
  </linearGradient>
  <linearGradient id="linearGradient889" inkscape:collect="always">
   <stop id="stop885" stop-color="#525252" stop-opacity="1"/>
   <stop id="stop887" offset="1" stop-color="#ffffff" stop-opacity="0.995"/>
  </linearGradient>
  <linearGradient id="linearGradient879" inkscape:collect="always">
   <stop id="stop875" stop-color="#ffffff" stop-opacity="1"/>
   <stop id="stop877" offset="1" stop-color="#000000" stop-opacity="1"/>
  </linearGradient>
  <radialGradient gradientUnits="userSpaceOnUse" gradientTransform="matrix(1.1593472,0,0,1.257045,200.87795,-36.474316)" r="5.34" fy="139.12" fx="-99.53" cy="139.12" cx="-99.53" id="radialGradient905" xlink:href="#linearGradient903" inkscape:collect="always"/>
  <radialGradient r="5.34" fy="139.12" fx="-99.53" cy="139.12" cx="-99.53" gradientTransform="matrix(1.1593472,0,0,1.257045,261.25295,-36.822098)" gradientUnits="userSpaceOnUse" id="radialGradient911" xlink:href="#linearGradient903" inkscape:collect="always"/>
  <filter height="1.258" y="-0.129" width="1.042" x="-0.021" id="filter1029" inkscape:collect="always" color-interpolation-filters="sRGB">
   <feGaussianBlur id="feGaussianBlur1031" stdDeviation="0.60855" inkscape:collect="always"/>
  </filter>
  <filter height="1.104" y="-0.052" width="1.014" x="-0.007" id="filter1086" inkscape:collect="always" color-interpolation-filters="sRGB">
   <feGaussianBlur id="feGaussianBlur1088" stdDeviation="0.20199" inkscape:collect="always"/>
  </filter>
  <filter height="1.1" y="-0.05" width="1.014" x="-0.007" id="filter1090" inkscape:collect="always" color-interpolation-filters="sRGB">
   <feGaussianBlur id="feGaussianBlur1092" stdDeviation="0.20199" inkscape:collect="always"/>
  </filter>
  <filter height="1.105" y="-0.053" width="1.014" x="-0.007" id="filter1094" inkscape:collect="always" color-interpolation-filters="sRGB">
   <feGaussianBlur id="feGaussianBlur1096" stdDeviation="0.20199" inkscape:collect="always"/>
  </filter>
  <linearGradient inkscape:collect="always" xlink:href="#linearGradient1174" id="linearGradient1249" gradientUnits="userSpaceOnUse" x1="111.4" y1="141.62" x2="111.4" y2="156.84"/>
  <linearGradient inkscape:collect="always" xlink:href="#linearGradient879" id="linearGradient1251" gradientUnits="userSpaceOnUse" gradientTransform="matrix(1.1593472,0,0,1.1593472,200.87795,-22.882602)" x1="-73.838" y1="140.32" x2="-73.838" y2="138.09" spreadMethod="reflect"/>
  <linearGradient inkscape:collect="always" xlink:href="#linearGradient889" id="linearGradient1253" gradientUnits="userSpaceOnUse" gradientTransform="matrix(1.1593472,0,0,1.1593472,200.87795,-22.882602)" x1="-74.21" y1="136.47" x2="-74.21" y2="139.52" spreadMethod="reflect"/>
  <linearGradient inkscape:collect="always" xlink:href="#linearGradient1174" id="linearGradient1366" gradientUnits="userSpaceOnUse" x1="111.4" y1="141.62" x2="111.4" y2="156.84"/>
  <radialGradient inkscape:collect="always" xlink:href="#linearGradient903" id="radialGradient1368" gradientUnits="userSpaceOnUse" gradientTransform="matrix(1.1593472,0,0,1.257045,261.25295,-36.822098)" cx="-99.53" cy="139.12" fx="-99.53" fy="139.12" r="5.34"/>
  <radialGradient inkscape:collect="always" xlink:href="#linearGradient903" id="radialGradient1370" gradientUnits="userSpaceOnUse" gradientTransform="matrix(1.1593472,0,0,1.257045,200.87795,-36.474316)" cx="-99.53" cy="139.12" fx="-99.53" fy="139.12" r="5.34"/>
  <linearGradient inkscape:collect="always" xlink:href="#linearGradient879" id="linearGradient1372" gradientUnits="userSpaceOnUse" gradientTransform="matrix(1.1593472,0,0,1.1593472,200.87795,-22.882602)" x1="-73.838" y1="140.32" x2="-73.838" y2="138.09" spreadMethod="reflect"/>
  <linearGradient inkscape:collect="always" xlink:href="#linearGradient889" id="linearGradient1374" gradientUnits="userSpaceOnUse" gradientTransform="matrix(1.1593472,0,0,1.1593472,200.87795,-22.882602)" x1="-74.21" y1="136.47" x2="-74.21" y2="139.52" spreadMethod="reflect"/>
 </defs>
 <sodipodi:namedview inkscape:window-height="1056" inkscape:window-width="1920" inkscape:pageshadow="2" inkscape:pageopacity="0" guidetolerance="10.0" gridtolerance="10.0" objecttolerance="10.0" borderopacity="1.0" bordercolor="#666666" pagecolor="#ff0000" id="base" width="256" height="256" inkscape:zoom="3.4023438" inkscape:cx="129.46958" inkscape:cy="129.17566" inkscape:window-x="0" inkscape:window-y="0" inkscape:current-layer="svg2" showgrid="false" inkscape:window-maximized="1" inkscape:snap-to-guides="false" inkscape:snap-grids="false" inkscape:snap-others="false" inkscape:object-nodes="false" inkscape:snap-nodes="false" inkscape:snap-global="false"/>
 <path sodipodi:nodetypes="ccccc" id="path4188" d="M 30.577243,225.54389 129.33514,250.4143 242.29793,197.91011 142.86362,177.87561 30.577243,225.54389 Z" inkscape:connector-curvature="0" transform="matrix(1.0331361,0,0,1.0331361,-8.1983609,-8.467306)" stroke-opacity="1" fill="#000000" filter="url(#filter4206)" fill-rule="evenodd" stroke="none" stroke-linejoin="miter" fill-opacity="0.547" stroke-linecap="butt" stroke-width="1"/>
 <rect id="rect1873" width="102.27" height="163" x="24.291" y="52.01" transform="matrix(0.97260707,0.23245534,0,1,0,0)" opacity="1" stroke-dasharray="none" stroke-opacity="1" fill="#af7019" stroke="none" stroke-linejoin="round" fill-opacity="1" stroke-linecap="round" stroke-width="3" stroke-miterlimit="4"/>
 <g id="g4182" fill="#c4b71c" fill-opacity="1">
  <path inkscape:connector-curvature="0" id="rect2760" d="m 23.221185,57.553347 0,34.474775 14.027764,3.352668 0,-20.038463 18.443913,4.408138 0,-14.436312 -18.443913,-4.408138 -13.211333,-3.157539 -0.816431,-0.195129 z" opacity="1" stroke-dasharray="none" stroke-opacity="1" fill="#c4b71c" stroke="#f4dd62" stroke-linejoin="round" fill-opacity="1" stroke-linecap="round" stroke-width="1.2" stroke-miterlimit="4"/>
  <path inkscape:connector-curvature="0" d="m 123.07219,81.41797 0,34.47477 -14.02776,-3.35266 0,-20.038467 -18.443917,-4.408138 0,-14.436312 18.443917,4.408138 13.21133,3.15754 0.81643,0.195129 z" id="path2765" opacity="1" stroke-dasharray="none" stroke-opacity="1" fill="#c4b71c" stroke="#f4dd62" stroke-linejoin="round" fill-opacity="1" stroke-linecap="round" stroke-width="1.2" stroke-miterlimit="4"/>
  <path inkscape:connector-curvature="0" id="path2767" d="m 122.67113,243.40632 0,-34.47478 -14.02777,-3.35267 0,20.03847 -18.443914,-4.40814 0,14.43631 18.443914,4.40814 13.21134,3.15754 0.81643,0.19513 z" opacity="1" stroke-dasharray="none" stroke-opacity="1" fill="#c4b71c" stroke="#f4dd62" stroke-linejoin="round" fill-opacity="1" stroke-linecap="round" stroke-width="1.2" stroke-miterlimit="4"/>
  <path inkscape:connector-curvature="0" d="m 24.023319,219.82926 0,-34.47477 14.02777,3.35266 0,20.03847 18.443912,4.40814 0,14.43631 -18.443912,-4.40814 -13.211339,-3.15754 -0.816431,-0.19513 z" id="path2769" opacity="1" stroke-dasharray="none" stroke-opacity="1" fill="#c4b71c" stroke="#f4dd62" stroke-linejoin="round" fill-opacity="1" stroke-linecap="round" stroke-width="1.2" stroke-miterlimit="4"/>
 </g>
 <rect id="rect2792" width="124.64" height="163" x="135.79" y="138.44" transform="matrix(0.9073231,-0.42043405,0,1,0,0)" stroke-dasharray="none" stroke-opacity="1" fill="#7a4c07" stroke="none" stroke-linejoin="round" fill-opacity="1" stroke-linecap="round" stroke-width="3" stroke-miterlimit="4"/>
 <g id="g4165" fill="#988c03" fill-opacity="1">
  <path id="path2794" d="m 122.74202,81.559932 0,34.474758 15.9493,-7.39055 0,-20.038443 20.97038,-9.717208 0,-14.43631 -20.97038,9.717204 -15.02103,6.960412 -0.92827,0.430137 z" inkscape:connector-curvature="0" stroke-dasharray="none" stroke-opacity="1" fill="#988c03" stroke="#f4dd62" stroke-linejoin="round" fill-opacity="1" stroke-linecap="round" stroke-width="1.2" stroke-miterlimit="4"/>
  <path d="m 235.97682,30.422849 0.29392,33.005192 -15.9493,7.390553 v -20.03846 l -20.97039,9.717203 -0.29392,-13.260648 z" id="path2796" inkscape:connector-curvature="0" sodipodi:nodetypes="ccccccc" stroke-dasharray="none" stroke-opacity="1" fill="#988c03" stroke="#f4dd62" stroke-linejoin="round" fill-opacity="1" stroke-linecap="round" stroke-width="1.2" stroke-miterlimit="4"/>
  <path id="path2798" d="m 235.81474,191.24875 0,-34.47478 -15.94932,7.39056 0,20.03846 -20.97038,9.71719 0,14.43631 20.97038,-9.71719 15.02105,-6.96041 0.92827,-0.43014 z" inkscape:connector-curvature="0" stroke-dasharray="none" stroke-opacity="1" fill="#988c03" stroke="#f4dd62" stroke-linejoin="round" fill-opacity="1" stroke-linecap="round" stroke-width="1.2" stroke-miterlimit="4"/>
  <path d="m 123.65403,243.22149 0,-34.47477 15.94932,-7.39055 0,20.03846 20.97038,-9.71719 0,14.4363 -20.97038,9.7172 -15.02105,6.96041 -0.92827,0.43014 z" id="path2800" inkscape:connector-curvature="0" stroke-dasharray="none" stroke-opacity="1" fill="#988c03" stroke="#f4dd62" stroke-linejoin="round" fill-opacity="1" stroke-linecap="round" stroke-width="1.2" stroke-miterlimit="4"/>
 </g>
 <path inkscape:connector-curvature="0" d="M 23.788293,57.234505 122.54619,82.104913 235.50898,29.60072 136.07467,9.566223 23.788293,57.234505 Z" id="path2814" sodipodi:nodetypes="ccccc" stroke-opacity="1" fill="#d7a317" fill-rule="evenodd" stroke="none" stroke-linejoin="miter" fill-opacity="1" stroke-linecap="butt" stroke-width="1"/>
 <g id="g4171" fill="#dfd023" fill-opacity="1">
  <path id="rect2824" d="M 60.006288,41.54545 24.394615,57.446937 55.280568,65.031385 72.537884,57.016003 60.639197,54.085647 79.964015,46.630479 Z" inkscape:connector-curvature="0" sodipodi:nodetypes="ccccccc" stroke-dasharray="none" stroke-opacity="1" fill="#dfd023" stroke="#f4dd62" stroke-linejoin="round" fill-opacity="1" stroke-linecap="round" stroke-width="1.2" stroke-miterlimit="4"/>
  <path id="path2829" d="M 136.37729,9.3546361 125.11152,14.568945 100.85,24.997562 l 19.95774,3.706037 17.2573,-6.679486 11.94089,2.973449 17.21512,-8.058477 -30.84376,-7.5844489 z" inkscape:connector-curvature="0" stroke-opacity="1" stroke-dasharray="none" fill="#dfd023" stroke="#f4dd62" stroke-linejoin="round" fill-opacity="1" stroke-linecap="round" stroke-width="1.2" stroke-miterlimit="4"/>
  <path id="path2831" d="m 204.01415,22.498142 -17.25731,8.015382 12.53159,3.10273 -19.19535,10.029694 18.48815,3.118208 36.31888,-16.681566 z" inkscape:connector-curvature="0" sodipodi:nodetypes="ccccccc" stroke-dasharray="none" stroke-opacity="1" fill="#dfd023" stroke="#f4dd62" stroke-linejoin="round" fill-opacity="1" stroke-linecap="round" stroke-width="1.2" stroke-miterlimit="4"/>
  <path id="path2833" d="m 139.16209,60.894413 -18.22777,7.84301 -10.97042,-2.714888 -17.215125,8.015384 30.843755,7.584448 17.25731,-8.015382 -0.88607,-0.215468 19.15605,-7.412075 -19.95773,-5.085029 z" inkscape:connector-curvature="0" stroke-opacity="1" stroke-dasharray="none" fill="#dfd023" stroke="#f4dd62" stroke-linejoin="round" fill-opacity="1" stroke-linecap="round" stroke-width="1.2" stroke-miterlimit="4"/>
 </g>
 <path d="m 122.91996,83.19936 113.34377,-52.517657 0.0575,-1.205841 -1.8349,0.08317 -113.40257,51.848724 1.82086,0.30206 z" id="path832" inkscape:connector-curvature="0" sodipodi:nodetypes="ccccccc" stroke-opacity="1" fill="url(#linearGradient840)" stroke="none" stroke-linejoin="miter" fill-opacity="1" stroke-linecap="butt" stroke-width="1"/>
 <path sodipodi:nodetypes="ccccccc" inkscape:connector-curvature="0" id="path842" d="m 122.84834,83.352199 -99.113547,-25.311706 -0.286936,-1.172615 1.816964,-0.269104 99.043399,24.643857 -1.72956,0.644547 z" stroke-opacity="1" fill="url(#linearGradient844)" stroke="none" stroke-linejoin="miter" fill-opacity="1" stroke-linecap="butt" stroke-width="1"/>
 <path sodipodi:nodetypes="ccccccc" inkscape:connector-curvature="0" id="path846" d="m 122.07137,82.020532 0.32336,161.364668 1.07137,0.55635 0.69152,-1.70164 0.3089,-161.138426 -1.03563,1.527824 z" stroke-opacity="1" fill="url(#linearGradient848)" stroke="none" stroke-linejoin="miter" fill-opacity="1" stroke-linecap="butt" stroke-width="1"/>
 <path d="M 23.513203,131.38002 123.1504,158.42021 235.71986,105.80942" id="path841" inkscape:connector-curvature="0" stroke-opacity="1" stroke-dasharray="none" fill="none" stroke="#532d0a" stroke-linejoin="miter" stroke-linecap="butt" stroke-width="1" stroke-miterlimit="4"/>
 <path inkscape:connector-curvature="0" id="path843" d="M 23.513203,132.55568 123.1504,159.59587 235.71986,106.98508" stroke-dasharray="none" stroke-opacity="1" fill="none" stroke="#000000" stroke-linejoin="miter" stroke-linecap="butt" stroke-width="1" stroke-miterlimit="4"/>
 <path d="M 23.513203,133.73134 123.1504,160.77153 235.71986,108.16074" id="path845" inkscape:connector-curvature="0" stroke-dasharray="none" stroke-opacity="1" fill="none" stroke="#f68d35" stroke-linejoin="miter" stroke-linecap="butt" stroke-width="1.5" stroke-miterlimit="4"/>
 <g id="g1044" transform="matrix(3.2141827,-1.1519096,0,3.2141827,87.783557,-741.61792)">
  <path stroke-miterlimit="4" sodipodi:nodetypes="ssssccss" inkscape:connector-curvature="0" id="rect5957" d="m 30.673691,277.7652 h 2.041726 c 1.160071,0 2.193211,0.93816 2.093991,2.094 l -0.495845,5.77665 c -0.100777,1.17393 -2.138125,1.15274 -2.725096,1.05721 -0.89893,0.10933 -2.420225,-0.11159 -2.467838,-1.68829 l -0.54093,-5.14557 c -0.12129,-1.15372 0.933922,-2.094 2.093992,-2.094 z" opacity="1" stroke-dasharray="none" stroke-opacity="1" fill="url(#linearGradient1316)" fill-rule="nonzero" stroke="url(#linearGradient5965)" stroke-linejoin="round" fill-opacity="1" stroke-linecap="round" stroke-width="0.388" stroke-dashoffset="0"/>
  <path stroke-miterlimit="4" sodipodi:nodetypes="ssssccss" inkscape:connector-curvature="0" id="rect5967" d="m 31.121885,278.70928 h 1.146604 c 0.928934,0 1.775232,0.75308 1.67678,1.67678 l -0.450783,4.22911 c -0.09846,0.92369 -0.837992,1.31615 -1.766926,1.31615 -0.726226,-0.008 -1.704847,-0.0567 -1.741516,-1.27107 l -0.54093,-4.27419 c -0.116637,-0.92159 0.747838,-1.67678 1.676771,-1.67678 z" opacity="1" stroke-dasharray="none" stroke-opacity="1" fill="url(#linearGradient1308)" fill-rule="nonzero" stroke="url(#linearGradient5969)" stroke-linejoin="round" fill-opacity="1" stroke-linecap="round" stroke-width="0.591" stroke-dashoffset="0"/>
 </g>
 <g transform="matrix(2.9953015,0.69080997,0,2.9953015,-32.765575,-655.42252)" id="layer1-3" inkscape:label="Layer 1">
  <g transform="matrix(0.30642992,0,0,0.30642992,0.10248519,208.16027)" id="g1112">
   <path sodipodi:nodetypes="cssssssssc" inkscape:connector-curvature="0" id="path1033" d="m 88.681867,143.01909 c -9.32743,-4.17173 -11.00652,5.92583 -6.43308,8.65515 2.25233,1.34413 4.226882,2.72251 6.29397,2.72729 l 51.030453,0.11814 c 3.19877,0.007 6.5602,-1.84321 8.11092,-3.51653 5.20735,-5.61905 0.60118,-11.8565 -3.28539,-8.72437 -1.47644,1.18984 -5.42716,4.14804 -6.691,4.16594 l -44.965163,0.63689 c -2.724345,0.0386 -7.75388,-4.06245 -5.93571,-4.06248 z" stroke-dasharray="none" stroke-opacity="1" fill="url(#linearGradient1249)" filter="url(#filter1029)" stroke="none" stroke-linejoin="miter" fill-opacity="1" stroke-linecap="butt" stroke-width="0.812" stroke-miterlimit="4"/>
   <ellipse ry="6.712" rx="6.191" cy="138.06" cx="145.86" id="ellipse909" opacity="1" stroke-dasharray="none" stroke-opacity="1" fill="url(#radialGradient911)" fill-rule="nonzero" stroke="none" stroke-linejoin="round" fill-opacity="1" stroke-linecap="round" stroke-width="0.812" stroke-dashoffset="0" stroke-miterlimit="4"/>
   <ellipse id="path897" cx="85.48" cy="138.41" rx="6.191" ry="6.712" opacity="1" stroke-dasharray="none" stroke-opacity="1" fill="url(#radialGradient905)" fill-rule="nonzero" stroke="none" stroke-linejoin="round" fill-opacity="1" stroke-linecap="round" stroke-width="0.812" stroke-dashoffset="0" stroke-miterlimit="4"/>
   <path d="m 89.515204,134.26908 c -9.327431,-4.17173 -11.006525,5.92583 -6.433086,8.65515 2.252328,1.34414 4.226882,1.27263 6.293973,1.26897 l 51.030449,-0.0902 c 3.19877,-0.006 6.5602,-0.17654 8.11092,-1.84986 5.20735,-5.61905 -1.27382,-11.64817 -5.16039,-8.51604 -1.47644,1.18984 -3.34371,1.87985 -4.60767,1.87428 l -44.548488,-0.19645 c -2.51565,-0.0116 -3.025981,-0.40349 -4.685708,-1.1458 z" id="path863" inkscape:connector-curvature="0" sodipodi:nodetypes="cssssssssc" stroke-dasharray="none" stroke-opacity="1" fill="#ffffff" stroke="url(#linearGradient1251)" stroke-linejoin="miter" fill-opacity="1" stroke-linecap="butt" stroke-width="0.812" stroke-miterlimit="4"/>
   <path sodipodi:nodetypes="cssssssssc" inkscape:connector-curvature="0" id="path883" d="m 89.515204,134.26908 c -9.327431,-4.17173 -11.006525,5.92583 -6.433086,8.65515 2.252328,1.34414 4.226882,1.27263 6.293973,1.26897 l 51.030449,-0.0902 c 3.19877,-0.006 6.5602,-0.17654 8.11092,-1.84986 5.20735,-5.61905 -1.27382,-11.64817 -5.16039,-8.51604 -1.47644,1.18984 -3.34371,1.87985 -4.60767,1.87428 l -44.548488,-0.19645 c -2.51565,-0.0116 -3.025981,-0.40349 -4.685708,-1.1458 z" stroke-dasharray="none" stroke-opacity="1" fill="url(#linearGradient1253)" stroke="none" stroke-linejoin="miter" fill-opacity="1" stroke-linecap="butt" stroke-width="0.812" stroke-miterlimit="4"/>
   <g id="g1101">
    <path sodipodi:nodetypes="cccccccccccccc" inkscape:connector-curvature="0" id="path865" d="m 83.536223,133.1542 c -0.628099,0.98013 -1.267143,1.90659 -0.904233,3.54737 1.748273,2.2448 3.361891,2.94456 5.981851,3.54739 l 51.680439,0.13912 c 3.69526,0.0212 5.80418,-1.99716 8.27722,-3.54738 0.28371,-1.1664 0.0523,-2.68371 -1.32157,-4.03428 1.6227,0.82971 5.97466,3.53467 2.15625,8.76411 -0.0345,-1.19693 0.48246,-2.05336 -0.26668,-2.84956 -2.47431,2.13485 -5.54735,3.75273 -8.94265,3.6772 l -51.80097,0.0696 c -2.616755,0.21224 -4.963604,-1.13462 -6.470999,-3.69577 -1.032236,1.02588 -0.422466,1.94567 -0.405795,3.14636 -1.407656,-1.96261 -2.292446,-6.84272 2.017137,-8.7641 z" stroke-opacity="1" fill="#808080" filter="url(#filter1090)" stroke="none" stroke-linejoin="miter" fill-opacity="0.387" stroke-linecap="butt" stroke-width="0.307"/>
    <path d="m 83.536223,133.1542 c -0.628099,0.98013 -1.684485,1.97615 -1.321575,3.61694 1.748273,2.24479 3.84879,3.36188 6.46875,3.96471 l 51.541332,0.13912 c 3.69526,0.0212 6.29107,-2.20583 8.76411,-3.75605 0.28371,-1.1664 -0.36501,-2.96193 -1.73891,-4.3125 1.6227,0.82971 5.97466,3.53467 2.15625,8.76411 -0.0345,-1.19693 0.60074,-2.60756 -0.14841,-3.40375 -2.47431,2.13485 -5.84642,4.01011 -9.24171,3.93458 l -51.631729,-0.0301 c -2.616754,0.21224 -4.919674,-1.17406 -6.427069,-3.73521 -1.032237,1.02588 -0.816436,2.44186 -0.438176,3.58229 -1.407656,-1.96261 -2.292446,-6.84272 2.017137,-8.76411 z" id="path893" inkscape:connector-curvature="0" sodipodi:nodetypes="cccccccccccccc" stroke-opacity="1" fill="#444444" filter="url(#filter1086)" stroke="none" stroke-linejoin="miter" fill-opacity="0.387" stroke-linecap="butt" stroke-width="0.307"/>
    <path sodipodi:nodetypes="cccccccccccccc" inkscape:connector-curvature="0" id="path895" d="m 83.536223,133.1542 c -0.628099,0.98013 -2.020719,1.94826 -1.657808,3.58905 1.748272,2.2448 4.393692,3.73755 7.013652,4.34038 l 50.289313,0.0696 c 4.47231,0.44506 8.14232,-2.58086 10.15524,-4.38205 0.28371,-1.1664 -0.71279,-2.61415 -2.08669,-3.96472 2.4654,0.15555 5.97466,5.50098 2.15625,8.76411 -0.0345,-1.19693 1.09692,-3.47838 0.34778,-4.27457 -2.47431,2.13485 -6.21872,4.80951 -9.61402,4.73397 l -51.303628,-0.0654 c -2.493787,0.0893 -5.774494,-2.31978 -7.386786,-4.77603 -1.032237,1.02589 0.05287,3.52915 0.06956,4.72984 -2.229644,-1.72776 -2.41463,-6.80782 2.017137,-8.76411 z" stroke-opacity="1" fill="#000000" filter="url(#filter1094)" stroke="none" stroke-linejoin="miter" fill-opacity="0.619" stroke-linecap="butt" stroke-width="0.307"/>
   </g>
  </g>
 </g>
 <g inkscape:label="Layer 1" id="g1364" transform="matrix(2.9953015,0.69080997,0,2.9953015,-31.465236,-597.55745)">
  <g id="g1362" transform="matrix(0.30642992,0,0,0.30642992,0.10248519,208.16027)">
   <path d="m 88.681867,143.01909 c -9.32743,-4.17173 -11.00652,5.92583 -6.43308,8.65515 2.25233,1.34413 4.226882,2.72251 6.29397,2.72729 l 51.030453,0.11814 c 3.19877,0.007 6.5602,-1.84321 8.11092,-3.51653 5.20735,-5.61905 0.60118,-11.8565 -3.28539,-8.72437 -1.47644,1.18984 -5.42716,4.14804 -6.691,4.16594 l -44.965163,0.63689 c -2.724345,0.0386 -7.75388,-4.06245 -5.93571,-4.06248 z" id="path1344" inkscape:connector-curvature="0" sodipodi:nodetypes="cssssssssc" stroke-dasharray="none" stroke-opacity="1" fill="url(#linearGradient1366)" filter="url(#filter1029)" stroke="none" stroke-linejoin="miter" fill-opacity="1" stroke-linecap="butt" stroke-width="0.812" stroke-miterlimit="4"/>
   <ellipse id="ellipse1346" cx="145.86" cy="138.06" rx="6.191" ry="6.712" opacity="1" stroke-dasharray="none" stroke-opacity="1" fill="url(#radialGradient1368)" fill-rule="nonzero" stroke="none" stroke-linejoin="round" fill-opacity="1" stroke-linecap="round" stroke-width="0.812" stroke-dashoffset="0" stroke-miterlimit="4"/>
   <ellipse ry="6.712" rx="6.191" cy="138.41" cx="85.48" id="ellipse1348" opacity="1" stroke-dasharray="none" stroke-opacity="1" fill="url(#radialGradient1370)" fill-rule="nonzero" stroke="none" stroke-linejoin="round" fill-opacity="1" stroke-linecap="round" stroke-width="0.812" stroke-dashoffset="0" stroke-miterlimit="4"/>
   <path sodipodi:nodetypes="cssssssssc" inkscape:connector-curvature="0" id="path1350" d="m 89.515204,134.26908 c -9.327431,-4.17173 -11.006525,5.92583 -6.433086,8.65515 2.252328,1.34414 4.226882,1.27263 6.293973,1.26897 l 51.030449,-0.0902 c 3.19877,-0.006 6.5602,-0.17654 8.11092,-1.84986 5.20735,-5.61905 -1.27382,-11.64817 -5.16039,-8.51604 -1.47644,1.18984 -3.34371,1.87985 -4.60767,1.87428 l -44.548488,-0.19645 c -2.51565,-0.0116 -3.025981,-0.40349 -4.685708,-1.1458 z" stroke-dasharray="none" stroke-opacity="1" fill="#ffffff" stroke="url(#linearGradient1372)" stroke-linejoin="miter" fill-opacity="1" stroke-linecap="butt" stroke-width="0.812" stroke-miterlimit="4"/>
   <path d="m 89.515204,134.26908 c -9.327431,-4.17173 -11.006525,5.92583 -6.433086,8.65515 2.252328,1.34414 4.226882,1.27263 6.293973,1.26897 l 51.030449,-0.0902 c 3.19877,-0.006 6.5602,-0.17654 8.11092,-1.84986 5.20735,-5.61905 -1.27382,-11.64817 -5.16039,-8.51604 -1.47644,1.18984 -3.34371,1.87985 -4.60767,1.87428 l -44.548488,-0.19645 c -2.51565,-0.0116 -3.025981,-0.40349 -4.685708,-1.1458 z" id="path1352" inkscape:connector-curvature="0" sodipodi:nodetypes="cssssssssc" stroke-dasharray="none" stroke-opacity="1" fill="url(#linearGradient1374)" stroke="none" stroke-linejoin="miter" fill-opacity="1" stroke-linecap="butt" stroke-width="0.812" stroke-miterlimit="4"/>
   <g id="g1360">
    <path d="m 83.536223,133.1542 c -0.628099,0.98013 -1.267143,1.90659 -0.904233,3.54737 1.748273,2.2448 3.361891,2.94456 5.981851,3.54739 l 51.680439,0.13912 c 3.69526,0.0212 5.80418,-1.99716 8.27722,-3.54738 0.28371,-1.1664 0.0523,-2.68371 -1.32157,-4.03428 1.6227,0.82971 5.97466,3.53467 2.15625,8.76411 -0.0345,-1.19693 0.48246,-2.05336 -0.26668,-2.84956 -2.47431,2.13485 -5.54735,3.75273 -8.94265,3.6772 l -51.80097,0.0696 c -2.616755,0.21224 -4.963604,-1.13462 -6.470999,-3.69577 -1.032236,1.02588 -0.422466,1.94567 -0.405795,3.14636 -1.407656,-1.96261 -2.292446,-6.84272 2.017137,-8.7641 z" id="path1354" inkscape:connector-curvature="0" sodipodi:nodetypes="cccccccccccccc" stroke-opacity="1" fill="#808080" filter="url(#filter1090)" stroke="none" stroke-linejoin="miter" fill-opacity="0.387" stroke-linecap="butt" stroke-width="0.307"/>
    <path sodipodi:nodetypes="cccccccccccccc" inkscape:connector-curvature="0" id="path1356" d="m 83.536223,133.1542 c -0.628099,0.98013 -1.684485,1.97615 -1.321575,3.61694 1.748273,2.24479 3.84879,3.36188 6.46875,3.96471 l 51.541332,0.13912 c 3.69526,0.0212 6.29107,-2.20583 8.76411,-3.75605 0.28371,-1.1664 -0.36501,-2.96193 -1.73891,-4.3125 1.6227,0.82971 5.97466,3.53467 2.15625,8.76411 -0.0345,-1.19693 0.60074,-2.60756 -0.14841,-3.40375 -2.47431,2.13485 -5.84642,4.01011 -9.24171,3.93458 l -51.631729,-0.0301 c -2.616754,0.21224 -4.919674,-1.17406 -6.427069,-3.73521 -1.032237,1.02588 -0.816436,2.44186 -0.438176,3.58229 -1.407656,-1.96261 -2.292446,-6.84272 2.017137,-8.76411 z" stroke-opacity="1" fill="#444444" filter="url(#filter1086)" stroke="none" stroke-linejoin="miter" fill-opacity="0.387" stroke-linecap="butt" stroke-width="0.307"/>
    <path d="m 83.536223,133.1542 c -0.628099,0.98013 -2.020719,1.94826 -1.657808,3.58905 1.748272,2.2448 4.393692,3.73755 7.013652,4.34038 l 50.289313,0.0696 c 4.47231,0.44506 8.14232,-2.58086 10.15524,-4.38205 0.28371,-1.1664 -0.71279,-2.61415 -2.08669,-3.96472 2.4654,0.15555 5.97466,5.50098 2.15625,8.76411 -0.0345,-1.19693 1.09692,-3.47838 0.34778,-4.27457 -2.47431,2.13485 -6.21872,4.80951 -9.61402,4.73397 l -51.303628,-0.0654 c -2.493787,0.0893 -5.774494,-2.31978 -7.386786,-4.77603 -1.032237,1.02589 0.05287,3.52915 0.06956,4.72984 -2.229644,-1.72776 -2.41463,-6.80782 2.017137,-8.76411 z" id="path1358" inkscape:connector-curvature="0" sodipodi:nodetypes="cccccccccccccc" stroke-opacity="1" fill="#000000" filter="url(#filter1094)" stroke="none" stroke-linejoin="miter" fill-opacity="0.619" stroke-linecap="butt" stroke-width="0.307"/>
   </g>
  </g>
 </g>
</svg>
