<?xml version="1.0" encoding="UTF-8" standalone="no"?>
<!-- Created with Inkscape (http://www.inkscape.org/) -->
<svg xmlns:dc="http://purl.org/dc/elements/1.1/" xmlns:cc="http://creativecommons.org/ns#" xmlns:rdf="http://www.w3.org/1999/02/22-rdf-syntax-ns#" xmlns:svg="http://www.w3.org/2000/svg" xmlns="http://www.w3.org/2000/svg" xmlns:xlink="http://www.w3.org/1999/xlink" xmlns:sodipodi="http://sodipodi.sourceforge.net/DTD/sodipodi-0.dtd" xmlns:inkscape="http://www.inkscape.org/namespaces/inkscape" width="255" height="255" viewBox="0 0 67.468748 67.468752" version="1.1" id="svg8" inkscape:version="0.92.5 (2060ec1f9f, 2020-04-08)" sodipodi:docname="document-properties.svg">
 <defs id="defs2">
  <linearGradient id="linearGradient2795">
   <stop id="stop2782" stop-color="#bbbbbb" stop-opacity="1"/>
   <stop offset="0.5" id="stop2785" stop-color="#545454" stop-opacity="1"/>
   <stop id="stop2787" offset="0.75" stop-color="#3e0000" stop-opacity="1"/>
   <stop offset="0.875" id="stop2789" stop-color="#ff5151" stop-opacity="1"/>
   <stop id="stop2791" offset="0.938" stop-color="#7d0000" stop-opacity="1"/>
   <stop id="stop2793" offset="1" stop-color="#4b0000" stop-opacity="1"/>
  </linearGradient>
  <linearGradient id="linearGradient2843">
   <stop id="stop2845" stop-color="#000000" stop-opacity="1"/>
   <stop id="stop2847" offset="1" stop-color="white" stop-opacity="1"/>
  </linearGradient>
  <linearGradient id="linearGradient2812">
   <stop id="stop2814" stop-color="#000000" stop-opacity="1"/>
   <stop id="stop2816" offset="1" stop-color="#9c9c9c" stop-opacity="1"/>
  </linearGradient>
  <linearGradient id="linearGradient2784">
   <stop id="stop2786" stop-color="#000000" stop-opacity="0.853"/>
   <stop id="stop2788" offset="1" stop-color="#000000" stop-opacity="0"/>
  </linearGradient>
  <linearGradient id="linearGradient2776">
   <stop id="stop2778" stop-color="#000000" stop-opacity="1"/>
   <stop id="stop2780" offset="1" stop-color="black" stop-opacity="0"/>
  </linearGradient>
  <linearGradient y2="114.14" x2="158.17" y1="37.25" x1="227.38" gradientTransform="translate(2.727155,101.9956)" gradientUnits="userSpaceOnUse" id="linearGradient2798" xlink:href="#linearGradient2776" inkscape:collect="always"/>
  <linearGradient y2="98.26" x2="168.54" y1="27.97" x1="224.81" gradientTransform="translate(1.090862,103.6319)" gradientUnits="userSpaceOnUse" id="linearGradient2800" xlink:href="#linearGradient2776" inkscape:collect="always"/>
  <linearGradient y2="183.27" x2="183.26" y1="132.29" x1="227.38" gradientUnits="userSpaceOnUse" id="linearGradient2802" xlink:href="#linearGradient2784" inkscape:collect="always"/>
  <linearGradient id="linearGradient2284">
   <stop id="stop2290" stop-color="#000000" stop-opacity="1"/>
   <stop id="stop2292" offset="1" stop-color="#5c5c5c" stop-opacity="1"/>
  </linearGradient>
  <linearGradient gradientTransform="matrix(0.2479888,0,0,0.2479888,-3.3068551,232.6319)" y2="9.01" x2="134.26" y1="252.2" x1="141.34" gradientUnits="userSpaceOnUse" id="linearGradient3144" xlink:href="#linearGradient2284" inkscape:collect="always"/>
  <linearGradient gradientTransform="matrix(0.2479888,0,0,0.2479888,-3.3068551,232.6319)" y2="-2.121" x2="41.41" y1="236.48" x1="176.83" gradientUnits="userSpaceOnUse" id="linearGradient3146" xlink:href="#linearGradient2812" inkscape:collect="always"/>
  <radialGradient r="31.04" fy="180.44" fx="176.72" cy="180.44" cx="176.72" spreadMethod="reflect" gradientTransform="matrix(0.754607,0.03976438,-0.04166753,0.790723,50.88446,29.53464)" gradientUnits="userSpaceOnUse" id="radialGradient3950" xlink:href="#linearGradient2843" inkscape:collect="always"/>
  <linearGradient y2="100.3" x2="172.33" y1="37.25" x1="227.38" gradientTransform="translate(2.727155,101.9956)" gradientUnits="userSpaceOnUse" id="linearGradient3978" xlink:href="#linearGradient2776" inkscape:collect="always"/>
  <linearGradient y2="91.03" x2="176.09" y1="27.97" x1="224.81" gradientTransform="translate(1.090862,103.6319)" gradientUnits="userSpaceOnUse" id="linearGradient3980" xlink:href="#linearGradient2776" inkscape:collect="always"/>
  <linearGradient y2="175.72" x2="194.27" y1="132.29" x1="227.38" gradientUnits="userSpaceOnUse" id="linearGradient3982" xlink:href="#linearGradient2784" inkscape:collect="always"/>
  <radialGradient r="31.04" fy="180.44" fx="176.72" cy="180.44" cx="176.72" spreadMethod="reflect" gradientTransform="matrix(0.754607,0.03976438,-0.04166753,0.790723,50.88446,29.53464)" gradientUnits="userSpaceOnUse" id="radialGradient3984" xlink:href="#linearGradient2843" inkscape:collect="always"/>
  <linearGradient inkscape:collect="always" xlink:href="#linearGradient2782" id="linearGradient5259" gradientUnits="userSpaceOnUse" gradientTransform="matrix(-0.02988492,-0.39194253,0.39194253,-0.02988492,-2.5910288,328.21228)" spreadMethod="reflect" x1="189.08" y1="88.38" x2="183.11" y2="82.43"/>
  <linearGradient inkscape:collect="always" xlink:href="#linearGradient2782" id="linearGradient5257" gradientUnits="userSpaceOnUse" gradientTransform="matrix(-0.3930801,0,0,0.3930801,94.656288,223.2018)" spreadMethod="reflect" x1="180.81" y1="81.32" x2="187.09" y2="86.54"/>
  <linearGradient id="linearGradient2782">
   <stop id="stop2784" stop-color="#313131" stop-opacity="1"/>
   <stop offset="1" id="stop2786-5" stop-color="white" stop-opacity="1"/>
  </linearGradient>
  <radialGradient r="37.33" fy="134.27" fx="210.22" cy="134.27" cx="210.22" gradientTransform="matrix(-0.51040232,-0.6123673,-0.34672613,0.28899249,191.6635,369.3838)" gradientUnits="userSpaceOnUse" id="radialGradient4974" xlink:href="#linearGradient2795" inkscape:collect="always"/>
  <radialGradient r="37.33" fy="134.27" fx="210.22" cy="134.27" cx="210.22" gradientTransform="matrix(-0.58534501,-0.54117971,0.30641891,-0.33142588,129.50123,428.40407)" gradientUnits="userSpaceOnUse" id="radialGradient4976" xlink:href="#linearGradient2795" inkscape:collect="always"/>
  <linearGradient inkscape:collect="always" xlink:href="#linearGradient2284" id="linearGradient2601" gradientUnits="userSpaceOnUse" gradientTransform="matrix(0.2479888,0,0,0.2479888,2.478543,228.39616)" x1="141.34" y1="252.2" x2="134.26" y2="9.01"/>
  <linearGradient inkscape:collect="always" xlink:href="#linearGradient2812" id="linearGradient2603" gradientUnits="userSpaceOnUse" gradientTransform="matrix(0.2479888,0,0,0.2479888,2.478543,228.39616)" x1="176.83" y1="236.48" x2="41.41" y2="-2.121"/>
  <filter inkscape:collect="always" id="filter2744" x="-0.024" width="1.048" y="-0.024" height="1.048" color-interpolation-filters="sRGB">
   <feGaussianBlur inkscape:collect="always" id="feGaussianBlur2746"/>
  </filter>
  <filter inkscape:collect="always" id="filter2758" x="-0.013" width="1.025" y="-0.012" height="1.023" color-interpolation-filters="sRGB">
   <feGaussianBlur inkscape:collect="always" stdDeviation="1.17463" id="feGaussianBlur2760"/>
  </filter>
  <filter inkscape:collect="always" id="filter2772" x="-0.013" width="1.025" y="-0.012" height="1.023" color-interpolation-filters="sRGB">
   <feGaussianBlur inkscape:collect="always" stdDeviation="1.17463" id="feGaussianBlur2774"/>
  </filter>
 </defs>
 <sodipodi:namedview id="base" pagecolor="#ff0000" bordercolor="#666666" borderopacity="1.0" inkscape:pageopacity="0" inkscape:pageshadow="2" inkscape:zoom="3.5058824" inkscape:cx="127.5" inkscape:cy="138.9094" inkscape:document-units="mm" inkscape:current-layer="layer1" showgrid="false" units="px" inkscape:snap-to-guides="false" inkscape:snap-grids="false" inkscape:snap-others="false" inkscape:object-nodes="false" inkscape:snap-nodes="false" inkscape:snap-global="false" inkscape:window-width="1920" inkscape:window-height="1056" inkscape:window-x="0" inkscape:window-y="0" inkscape:window-maximized="1"/>
 <metadata id="metadata5">
  <rdf:RDF>
   <cc:Work>
    <dc:format>image/svg+xml</dc:format>
    <dc:type rdf:resource="http://purl.org/dc/dcmitype/StillImage"/>
    <dc:title/>
    <cc:license rdf:resource="http://creativecommons.org/licenses/by-nc/4.0/"/>
   </cc:Work>
   <cc:License rdf:about="http://creativecommons.org/licenses/by-nc/4.0/">
    <cc:permits rdf:resource="http://creativecommons.org/ns#Reproduction"/>
    <cc:permits rdf:resource="http://creativecommons.org/ns#Distribution"/>
    <cc:requires rdf:resource="http://creativecommons.org/ns#Notice"/>
    <cc:requires rdf:resource="http://creativecommons.org/ns#Attribution"/>
    <cc:prohibits rdf:resource="http://creativecommons.org/ns#CommercialUse"/>
    <cc:permits rdf:resource="http://creativecommons.org/ns#DerivativeWorks"/>
   </cc:License>
  </rdf:RDF>
 </metadata>
 <g inkscape:label="Layer 1" inkscape:groupmode="layer" id="layer1" transform="translate(0,-229.53123)">
  <g id="g3151" transform="matrix(0.2479888,0,0,0.2479888,1.6838326,228.24072)" fill="#000000" filter="url(#filter2758)" fill-opacity="0.44">
   <path id="path2828" d="m 183.60059,11.792715 c -45.70103,10.07968 -92.875531,17.966667 -139.781255,12.4375 -6.758321,5.200905 -3.755138,15.294429 -5.962895,22.586627 -8.073651,66.240998 -9.363912,134.016568 3.775395,199.694618 11.14961,7.05373 25.561565,5.44693 38.343685,6.33226 57.17567,-0.41777 111.36069,-26.5231 168.87507,-21.89476 5.72474,-3.29308 0.34984,-10.02396 -1.3125,-14.21875 C 230.99161,170.57785 237.18644,120.61161 242.69418,73.01292 245.67594,57.914392 233.66974,45.649098 224.123,35.762952 213.42571,25.866135 201.27271,17.4103 188.41309,10.698965 c -1.60417,0.364583 -3.20833,0.729167 -4.8125,1.09375 z" inkscape:connector-curvature="0" fill="#000000" fill-rule="evenodd" stroke="none" fill-opacity="0.44"/>
   <path id="path2824" d="m 178.91886,10.045603 c -45.78675,10.096339 -93.060253,17.998908 -140.124997,12.46875 -4.990462,5.22427 -2.88801,14.085712 -4.71875,20.71875 -8.208109,66.455757 -9.532038,134.466987 3.625,200.374997 10.917544,5.59652 24.247161,4.87986 36.374934,5.51976 57.607743,-0.13945 112.034513,-26.62359 169.937563,-21.89476 4.43135,-3.89878 -2.05173,-9.72438 -2.625,-14.15625 -16.81542,-46.97813 -9.62924,-97.83297 -4.22869,-146.217365 1.02403,-11.592367 -7.76415,-20.946261 -14.68197,-29.19212 C 211.2775,25.994498 197.58381,16.962138 183.73136,8.951853 c -1.60417,0.364583 -3.20833,0.729167 -4.8125,1.09375 z" inkscape:connector-curvature="0" fill="#000000" fill-rule="evenodd" stroke="none" fill-opacity="0.44"/>
   <path id="path2820" d="m 176.42438,9.380688 c -45.9101,10.125618 -93.348005,18.053621 -140.468751,12.5 -3.078848,5.558839 -2.201724,13.374038 -3.620174,19.836389 -8.19038,66.354513 -9.5058,134.261313 3.620174,200.069863 10.635744,4.07873 22.915287,4.35139 34.406154,4.70711 57.907477,0.14975 112.796767,-26.70892 171.000097,-21.89461 2.07575,-3.53263 -3.1955,-9.0169 -3.7679,-13.41421 -16.22664,-45.01415 -9.91695,-93.87989 -4.8571,-140.398292 1.03125,-6.172095 1.59785,-12.505636 -2.0625,-17.9375 -10.49726,-20.203629 -30.87063,-32.807676 -49.4375,-44.5625 -1.60417,0.364584 -3.20833,0.729167 -4.8125,1.09375 z" inkscape:connector-curvature="0" fill="#000000" fill-rule="evenodd" stroke="none" fill-opacity="0.44"/>
  </g>
  <path inkscape:connector-curvature="0" d="m 10.594189,233.47117 c 11.004501,1.35373 23.315499,-0.42814 36.114625,-3.38152 5.348925,3.57172 10.86869,7.04094 12.714512,12.71451 -1.276281,13.48099 -3.809842,26.96198 2.164174,40.44297 -16.772336,-1.50731 -34.220974,8.51396 -50.72279,4.46361 C 7.3886214,270.2284 7.9532399,252.03299 10.594189,233.47117 Z" id="path1873" sodipodi:nodetypes="cccccc" stroke-dasharray="none" stroke-opacity="1" fill="url(#linearGradient2601)" fill-rule="evenodd" stroke="url(#linearGradient2603)" stroke-linejoin="round" fill-opacity="1" stroke-linecap="round" stroke-width="0.67" stroke-miterlimit="4"/>
  <g id="g2792" transform="matrix(0.2479888,0,0,0.2479888,1.2611962,201.47925)">
   <path inkscape:connector-curvature="0" sodipodi:nodetypes="cccc" id="path2766" d="m 156.53869,211.36553 c 13.28542,-17.44929 34.02093,-77.54136 27.27153,-97.63214 21.56922,14.40274 43.82734,28.39213 51.27051,51.2705 -22.05844,6.72055 -54.13461,50.39418 -78.54204,46.36164 z" fill="url(#linearGradient2798)" fill-rule="evenodd" stroke="none" fill-opacity="1"/>
   <path inkscape:connector-curvature="0" d="m 162.53843,201.54777 c 13.28542,-17.44929 26.3849,-66.08731 19.6355,-86.17809 21.56922,14.40274 43.82734,28.39214 51.27051,51.27051 -22.05844,6.72055 -46.49858,38.94012 -70.90601,34.90758 z" id="path2764" sodipodi:nodetypes="cccc" fill="url(#linearGradient2800)" fill-rule="evenodd" stroke="none" fill-opacity="1"/>
   <path inkscape:connector-curvature="0" sodipodi:nodetypes="cccc" id="path1877" d="m 167.44731,190.09372 c 13.28542,-17.44929 23.65775,-54.08783 16.90835,-74.17861 21.56922,14.40274 43.82734,28.39214 51.27051,51.27051 -22.05844,6.72055 -43.77143,26.94064 -68.17886,22.9081 z" fill="url(#linearGradient2802)" fill-rule="evenodd" stroke="none" fill-opacity="1"/>
   <path inkscape:connector-curvature="0" d="m 173.99247,172.0945 c 13.28542,-17.44929 16.56715,-37.17947 9.81775,-57.27025 21.56922,14.40274 43.82734,28.39214 51.27051,51.27051 -22.05844,6.72055 -36.68083,10.03228 -61.08826,5.99974 z" id="path1875" sodipodi:nodetypes="cccc" stroke-opacity="1" fill="url(#radialGradient3950)" fill-rule="evenodd" stroke="#848484" stroke-linejoin="miter" fill-opacity="1" stroke-linecap="butt" stroke-width="1"/>
  </g>
  <g transform="matrix(0.2479888,0,0,0.2479888,-4.1015655,232.47646)" id="g3954" fill="#000000" filter="url(#filter2772)" fill-opacity="0.44">
   <path inkscape:connector-curvature="0" d="m 183.60059,11.792715 c -45.70103,10.07968 -92.875531,17.966667 -139.781255,12.4375 -6.758321,5.200905 -3.755138,15.294429 -5.962895,22.586627 -8.073651,66.240998 -9.363912,134.016568 3.775395,199.694618 11.14961,7.05373 25.561565,5.44693 38.343685,6.33226 57.17567,-0.41777 111.36069,-26.5231 168.87507,-21.89476 5.72474,-3.29308 0.34984,-10.02396 -1.3125,-14.21875 C 230.99161,170.57785 237.18644,120.61161 242.69418,73.01292 245.67594,57.914392 233.66974,45.649098 224.123,35.762952 213.42571,25.866135 201.27271,17.4103 188.41309,10.698965 c -1.60417,0.364583 -3.20833,0.729167 -4.8125,1.09375 z" id="path3956" fill="#000000" fill-rule="evenodd" stroke="none" fill-opacity="0.44"/>
   <path inkscape:connector-curvature="0" d="m 178.91886,10.045603 c -45.78675,10.096339 -93.060253,17.998908 -140.124997,12.46875 -4.990462,5.22427 -2.88801,14.085712 -4.71875,20.71875 -8.208109,66.455757 -9.532038,134.466987 3.625,200.374997 10.917544,5.59652 24.247161,4.87986 36.374934,5.51976 57.607743,-0.13945 112.034513,-26.62359 169.937563,-21.89476 4.43135,-3.89878 -2.05173,-9.72438 -2.625,-14.15625 -16.81542,-46.97813 -9.62924,-97.83297 -4.22869,-146.217365 1.02403,-11.592367 -7.76415,-20.946261 -14.68197,-29.19212 C 211.2775,25.994498 197.58381,16.962138 183.73136,8.951853 c -1.60417,0.364583 -3.20833,0.729167 -4.8125,1.09375 z" id="path3958" fill="#000000" fill-rule="evenodd" stroke="none" fill-opacity="0.44"/>
   <path inkscape:connector-curvature="0" d="m 176.42438,9.380688 c -45.9101,10.125618 -93.348005,18.053621 -140.468751,12.5 -3.078848,5.558839 -2.201724,13.374038 -3.620174,19.836389 -8.19038,66.354513 -9.5058,134.261313 3.620174,200.069863 10.635744,4.07873 22.915287,4.35139 34.406154,4.70711 57.907477,0.14975 112.796767,-26.70892 171.000097,-21.89461 2.07575,-3.53263 -3.1955,-9.0169 -3.7679,-13.41421 -16.22664,-45.01415 -9.91695,-93.87989 -4.8571,-140.398292 1.03125,-6.172095 1.59785,-12.505636 -2.0625,-17.9375 -10.49726,-20.203629 -30.87063,-32.807676 -49.4375,-44.5625 -1.60417,0.364584 -3.20833,0.729167 -4.8125,1.09375 z" id="path3960" fill="#000000" fill-rule="evenodd" stroke="none" fill-opacity="0.44"/>
  </g>
  <path sodipodi:nodetypes="cccccc" id="path3962" d="m 4.8087913,237.70691 c 11.0045007,1.35373 23.3154987,-0.42814 36.1146247,-3.38152 5.348925,3.57172 10.86869,7.04094 12.714512,12.71451 -1.276281,13.48099 -3.809842,26.96198 2.164174,40.44297 -16.772336,-1.50731 -34.220975,8.51396 -50.7227896,4.46361 C 1.6032233,274.46414 2.1678418,256.26873 4.8087913,237.70691 Z" inkscape:connector-curvature="0" stroke-dasharray="none" stroke-opacity="1" fill="url(#linearGradient3144)" fill-rule="evenodd" stroke="url(#linearGradient3146)" stroke-linejoin="round" fill-opacity="1" stroke-linecap="round" stroke-width="0.67" stroke-miterlimit="4"/>
  <g transform="matrix(0.2479888,0,0,0.2479888,-4.5242019,205.71499)" id="g3964">
   <path d="m 156.53869,211.36553 c 13.28542,-17.44929 34.02093,-77.54136 27.27153,-97.63214 21.56922,14.40274 43.82734,28.39213 51.27051,51.2705 -22.05844,6.72055 -54.13461,50.39418 -78.54204,46.36164 z" id="path3966" sodipodi:nodetypes="cccc" inkscape:connector-curvature="0" fill="url(#linearGradient3978)" fill-rule="evenodd" stroke="none" fill-opacity="1"/>
   <path sodipodi:nodetypes="cccc" id="path3968" d="m 162.53843,201.54777 c 13.28542,-17.44929 26.3849,-66.08731 19.6355,-86.17809 21.56922,14.40274 43.82734,28.39214 51.27051,51.27051 -22.05844,6.72055 -46.49858,38.94012 -70.90601,34.90758 z" inkscape:connector-curvature="0" fill="url(#linearGradient3980)" fill-rule="evenodd" stroke="none" fill-opacity="1"/>
   <path d="m 167.44731,190.09372 c 13.28542,-17.44929 23.65775,-54.08783 16.90835,-74.17861 21.56922,14.40274 43.82734,28.39214 51.27051,51.27051 -22.05844,6.72055 -43.77143,26.94064 -68.17886,22.9081 z" id="path3970" sodipodi:nodetypes="cccc" inkscape:connector-curvature="0" fill="url(#linearGradient3982)" fill-rule="evenodd" stroke="none" fill-opacity="1"/>
   <path sodipodi:nodetypes="cccc" id="path3972" d="m 173.99247,172.0945 c 13.28542,-17.44929 16.56715,-37.17947 9.81775,-57.27025 21.56922,14.40274 43.82734,28.39214 51.27051,51.27051 -22.05844,6.72055 -36.68083,10.03228 -61.08826,5.99974 z" inkscape:connector-curvature="0" stroke-opacity="1" fill="url(#radialGradient3984)" fill-rule="evenodd" stroke="#848484" stroke-linejoin="miter" fill-opacity="1" stroke-linecap="butt" stroke-width="1"/>
  </g>
  <path d="m 21.727434,19.370218 52.293368,25.676727 11.962535,9.869092 -5.041354,7.262967 3.20425,2.349784 4.186887,-7.220244 14.78227,7.903817 -3.845098,5.895821 1.708928,1.281701 c 0.9581,-1.309276 2.25446,-1.551712 3.37515,0 l 4.10144,5.981267 6.36578,0.38451 c 0,0 6.35649,-7.301384 9.31368,-9.740921 1.22406,-1.009761 3.41684,-1.046155 3.37515,1.15353 -0.0628,3.309179 0.38451,11.578025 0.38451,11.578025 0,0 35.01074,19.392866 44.81678,29.479116 22.33902,22.95386 34.67056,44.18648 46.69661,60.15446 7.05564,9.36839 2.25683,21.05014 -11.19351,11.57802 C 198.42603,176.06437 181.2991,156.4267 181.2991,156.4267 163.59873,123.37029 134.08922,108.12446 104.73888,102.2535 L 87.905887,87.343051 c 0.401476,-0.01066 0.78019,-0.05013 1.15353,-0.08545 L 58.982186,59.401987 C 64.007066,53.248117 55.520912,43.503368 47.575054,48.678429 L 19.847607,22.958978 Z m -2.819741,4.272334 27.043874,27.471107 c -5.750425,6.465621 5.369142,14.508327 11.150792,9.441858 L 86.92325,88.496582 c 0.01367,-0.132573 0.03213,-0.248493 0.04279,-0.38451 l 1.367147,1.708933 2.648846,2.477953 -0.427233,0.29906 10.46722,13.073352 c 4.35578,29.61314 18.05352,59.87702 50.1572,79.2518 0,0 18.69692,18.11022 25.0786,28.24012 8.76881,13.91908 -3.13981,18.12288 -12.13343,10.59539 -15.32926,-12.83029 -35.85754,-26.24152 -57.63379,-49.72996 -9.569287,-10.31114 -27.172038,-46.26938 -27.172038,-46.26938 0,0 -8.269967,-0.87534 -11.578025,-0.98264 -2.198933,-0.0714 -2.01121,-2.24729 -0.939914,-3.41787 2.588201,-2.82801 10.168155,-8.84373 10.168155,-8.84373 l -0.04279,-6.32305 -5.724928,-4.44323 c -1.28371,-1.03148 -1.244391,-2.0989 -0.341787,-2.94791 l -3.460589,2.69157 -9.014625,-14.184155 6.878458,-4.699567 -2.606124,-3.033357 -6.835734,5.596757 L 45.0971,76.021366 15.489826,25.821442 Z m 33.452375,24.480474 c 4.028873,0 7.305691,3.08658 7.305691,6.878457 0,3.791878 -3.276818,6.835735 -7.305691,6.835735 -4.028872,0 -7.262968,-3.043857 -7.262968,-6.835735 0,-3.791877 3.234096,-6.878457 7.262968,-6.878457 z m 20.59265,51.054392 -1.580764,1.238982 c 0.744398,-0.17851 1.471529,-0.38412 2.221614,-0.555412 z" id="path3903" inkscape:connector-curvature="0" transform="matrix(0.21748176,0,0,0.21748176,7.4264423,245.29284)" fill="#000000" filter="url(#filter2744)" fill-rule="evenodd" stroke="none" fill-opacity="0.887"/>
  <path d="m 28.582817,260.11354 -3.173021,2.3331 -0.746593,-0.83991 -1.213214,0.93324 -1.959807,-3.0797 1.49319,-1.02656 -0.559947,-0.65327 -1.493185,1.21321 -2.333104,-2.42642 -6.439363,-10.91893 0.746593,-0.46662 5.879421,5.97275 c -1.250612,1.40615 1.16902,3.15499 2.426424,2.05313 z" id="path2780" sodipodi:nodetypes="cccccccccccccc" inkscape:connector-curvature="0" stroke-dasharray="none" stroke-opacity="1" fill="url(#linearGradient5257)" fill-rule="evenodd" stroke="#000000" stroke-linejoin="miter" fill-opacity="1" stroke-linecap="butt" stroke-width="0.079" stroke-miterlimit="4"/>
  <path sodipodi:nodetypes="cccccccccccccc" id="path2790" d="m 28.910473,259.7104 2.365081,-3.52787 -0.894246,-0.68057 0.838303,-1.28066 -3.219782,-1.71999 -0.910067,1.56691 -0.693952,-0.50866 1.096179,-1.5811 -2.596786,-2.14187 -11.376886,-5.59059 -0.408508,0.77991 6.029157,5.59496 c 1.728078,-1.12549 3.575264,0.99807 2.482446,2.33642 z" inkscape:connector-curvature="0" stroke-dasharray="none" stroke-opacity="1" fill="url(#linearGradient5259)" fill-rule="evenodd" stroke="#000000" stroke-linejoin="miter" fill-opacity="1" stroke-linecap="butt" stroke-width="0.079" stroke-miterlimit="4"/>
  <path d="m 54.071436,279.82787 c 2.925204,2.06001 3.971776,-0.48109 2.437301,-2.51854 -2.615445,-3.47274 -5.297092,-8.08814 -10.155421,-13.08018 -2.132636,-2.19358 -9.749204,-6.41823 -9.749204,-6.41823 0,0 -0.09489,-1.79885 -0.08124,-2.51854 0.0091,-0.47839 -0.464982,-0.46334 -0.731192,-0.24373 -0.643138,0.53055 -2.031084,2.11233 -2.031084,2.11233 l -1.381138,-0.0813 -0.893675,-1.29989 c -0.24373,-0.33747 -0.522824,-0.28474 -0.731192,0 -0.448292,1.52035 -0.722269,3.19322 -2.843518,3.24973 l 3.655952,3.24974 c 6.383164,1.27682 12.805382,4.59112 16.65489,11.78029 0,0 3.720645,4.26906 5.849523,5.76827 z" id="path1873-3" sodipodi:nodetypes="csscsscccccccs" inkscape:connector-curvature="0" stroke-dasharray="none" stroke-opacity="1" fill="url(#radialGradient4974)" fill-rule="evenodd" stroke="#000000" stroke-linejoin="miter" fill-opacity="1" stroke-linecap="butt" stroke-width="0.039" stroke-miterlimit="4"/>
  <path sodipodi:nodetypes="csscsscccccccs" id="path2776" d="m 47.1302,286.39405 c 1.907055,3.02714 -0.684447,3.94182 -2.640398,2.30473 -3.333834,-2.79035 -7.805407,-5.70551 -12.541342,-10.81382 -2.081147,-2.24248 -5.909036,-10.06597 -5.909036,-10.06597 0,0 -1.791604,-0.18715 -2.511047,-0.21049 -0.478225,-0.0155 -0.438842,-0.48816 -0.205856,-0.74274 0.562887,-0.61504 2.213855,-1.91992 2.213855,-1.91992 l -0.01018,-1.38348 -1.252282,-0.95926 c -0.324504,-0.26074 -0.257511,-0.53676 0.03754,-0.73023 1.541365,-0.36962 3.226106,-0.55731 3.391491,-2.67286 l 3.057676,3.81803 c 0.947303,6.44032 3.927385,13.02428 10.909348,17.23794 0,0 4.072338,3.935 5.460237,6.13807 z" inkscape:connector-curvature="0" stroke-dasharray="none" stroke-opacity="1" fill="url(#radialGradient4976)" fill-rule="evenodd" stroke="#000000" stroke-linejoin="miter" fill-opacity="1" stroke-linecap="butt" stroke-width="0.039" stroke-miterlimit="4"/>
  <ellipse id="path2794" transform="scale(-1,1)" cx="-20.18" cy="251.99" rx="1.587" ry="1.493" fill="#a5a8d8" stroke="none" fill-opacity="1" stroke-width="0.472"/>
  <path d="M 21.303532,251.99434 H 18.877108" id="path2796" inkscape:connector-curvature="0" stroke-dasharray="none" stroke-opacity="1" fill="none" stroke="#5f5e99" stroke-linejoin="miter" stroke-linecap="square" stroke-width="1.101" stroke-miterlimit="4"/>
 </g>
</svg>
