<?xml version="1.0" encoding="UTF-8" standalone="no"?>
<!-- Created with Inkscape (http://www.inkscape.org/) -->
<svg xmlns:dc="http://purl.org/dc/elements/1.1/" xmlns:cc="http://creativecommons.org/ns#" xmlns:rdf="http://www.w3.org/1999/02/22-rdf-syntax-ns#" xmlns:svg="http://www.w3.org/2000/svg" xmlns="http://www.w3.org/2000/svg" xmlns:xlink="http://www.w3.org/1999/xlink" xmlns:sodipodi="http://sodipodi.sourceforge.net/DTD/sodipodi-0.dtd" xmlns:inkscape="http://www.inkscape.org/namespaces/inkscape" width="256" height="256" id="svg2160" sodipodi:version="0.32" inkscape:version="0.92.5 (2060ec1f9f, 2020-04-08)" sodipodi:docname="gresistor.svg" inkscape:output_extension="org.inkscape.output.svg.inkscape" inkscape:export-filename="/home/pcjc2/gedawork/electronics-menu-0.1.0/applications-electronics-48.png" inkscape:export-xdpi="90" inkscape:export-ydpi="90" version="1.0">
 <defs id="defs2162">
  <linearGradient id="linearGradient971" inkscape:collect="always">
   <stop id="stop967" stop-color="#5e5e5e" stop-opacity="1"/>
   <stop id="stop969" offset="1" stop-color="#fbfbfb" stop-opacity="1"/>
  </linearGradient>
  <linearGradient id="linearGradient965" inkscape:collect="always">
   <stop id="stop961" stop-color="#ffffff" stop-opacity="1"/>
   <stop id="stop963" offset="1" stop-color="#b7b7b7" stop-opacity="1"/>
  </linearGradient>
  <linearGradient inkscape:collect="always" id="linearGradient4342">
   <stop id="stop960" stop-color="#590060" stop-opacity="1"/>
   <stop offset="1" id="stop962" stop-color="#fc2cf1" stop-opacity="1"/>
  </linearGradient>
  <linearGradient inkscape:collect="always" id="linearGradient4252">
   <stop id="stop4254" stop-color="#000000" stop-opacity="1"/>
   <stop offset="1" id="stop4256" stop-color="#e3e3e3" stop-opacity="1"/>
  </linearGradient>
  <linearGradient inkscape:collect="always" id="linearGradient4203">
   <stop id="stop4205" stop-color="#7c7c7c" stop-opacity="1"/>
   <stop offset="1" id="stop4207" stop-color="#ffffff" stop-opacity="1"/>
  </linearGradient>
  <linearGradient id="linearGradient4342-3" inkscape:collect="always">
   <stop id="stop4344" stop-color="#604800" stop-opacity="1"/>
   <stop id="stop4346" offset="1" stop-color="#fcc12c" stop-opacity="1"/>
  </linearGradient>
  <linearGradient inkscape:collect="always" id="linearGradient4326">
   <stop id="stop4328" stop-color="#000060" stop-opacity="1"/>
   <stop offset="1" id="stop4330" stop-color="#392cfc" stop-opacity="1"/>
  </linearGradient>
  <linearGradient id="linearGradient4306" inkscape:collect="always">
   <stop id="stop4320" stop-color="#600000" stop-opacity="1"/>
   <stop id="stop4322" offset="1" stop-color="#fc2c2c" stop-opacity="1"/>
  </linearGradient>
  <linearGradient inkscape:collect="always" id="linearGradient4190">
   <stop id="stop4192" stop-color="#cfcfcf" stop-opacity="1"/>
   <stop offset="1" id="stop4194" stop-color="#a4a4a4" stop-opacity="1"/>
  </linearGradient>
  <linearGradient inkscape:collect="always" id="linearGradient4166">
   <stop id="stop4168" stop-color="#5e5e5e" stop-opacity="1"/>
   <stop offset="1" id="stop4170" stop-color="#c2c2c2" stop-opacity="1"/>
  </linearGradient>
  <linearGradient inkscape:collect="always" xlink:href="#linearGradient965" id="linearGradient4172" x1="136.23" y1="-8.12" x2="135.37" y2="24.867" gradientUnits="userSpaceOnUse" spreadMethod="reflect" gradientTransform="translate(1.1339978,25.798449)"/>
  <linearGradient inkscape:collect="always" xlink:href="#linearGradient971" id="linearGradient4180" x1="173.4" y1="27.439" x2="173.12" y2="-9.05" gradientUnits="userSpaceOnUse" spreadMethod="reflect" gradientTransform="translate(1.1339978,25.798449)"/>
  <linearGradient inkscape:collect="always" xlink:href="#linearGradient971" id="linearGradient4188" x1="71.57" y1="29.14" x2="70.72" y2="-9.618" gradientUnits="userSpaceOnUse" spreadMethod="reflect" gradientTransform="translate(-15.592469,25.798449)"/>
  <radialGradient inkscape:collect="always" xlink:href="#linearGradient965" id="radialGradient4196" cx="192.75" cy="10.677" fx="192.75" fy="10.677" r="9.321" gradientTransform="matrix(1,0,0,3.7615895,1.1339978,-10.954545)" gradientUnits="userSpaceOnUse" spreadMethod="reflect"/>
  <radialGradient inkscape:collect="always" xlink:href="#linearGradient4190" id="radialGradient4204" cx="90.33" cy="9.549" fx="90.33" fy="9.549" r="9.321" gradientTransform="matrix(1,0,0,3.7615895,-15.592469,-10.954545)" gradientUnits="userSpaceOnUse" spreadMethod="reflect"/>
  <linearGradient inkscape:collect="always" xlink:href="#linearGradient4306" id="linearGradient4312" x1="84.22" y1="29.812" x2="83.64" y2="-5.426" gradientUnits="userSpaceOnUse" spreadMethod="reflect" gradientTransform="translate(1.1339978,25.798449)"/>
  <linearGradient inkscape:collect="always" xlink:href="#linearGradient4326" id="linearGradient4316" gradientUnits="userSpaceOnUse" spreadMethod="reflect" x1="84.22" y1="29.812" x2="83.64" y2="-5.426" gradientTransform="translate(20.913246,26.013966)"/>
  <linearGradient inkscape:collect="always" xlink:href="#linearGradient4342-3" id="linearGradient4334" gradientUnits="userSpaceOnUse" gradientTransform="translate(40.543229,26.273197)" spreadMethod="reflect" x1="84.22" y1="29.812" x2="83.64" y2="-5.426"/>
  <linearGradient inkscape:collect="always" xlink:href="#linearGradient4203" id="linearGradient4209" x1="50.35" y1="-1.012" x2="50.709" y2="-19.734" gradientUnits="userSpaceOnUse" spreadMethod="reflect" gradientTransform="translate(1.1339978,25.798449)"/>
  <linearGradient inkscape:collect="always" xlink:href="#linearGradient4203" id="linearGradient4228" x1="165.45" y1="5.076" x2="166.11" y2="-14.711" gradientUnits="userSpaceOnUse" spreadMethod="reflect" gradientTransform="translate(1.1339978,25.798449)"/>
  <linearGradient inkscape:collect="always" xlink:href="#linearGradient4203" id="linearGradient4241" x1="62.787" y1="1.589" x2="66.46" y2="-20.02" gradientUnits="userSpaceOnUse" spreadMethod="reflect" gradientTransform="translate(1.1339978,25.798449)"/>
  <linearGradient inkscape:collect="always" xlink:href="#linearGradient4203" id="linearGradient4259" x1="76.61" y1="5.316" x2="77.12" y2="-14.167" gradientUnits="userSpaceOnUse" spreadMethod="reflect" gradientTransform="translate(1.1339978,25.798449)"/>
  <linearGradient inkscape:collect="always" xlink:href="#linearGradient4252" id="linearGradient4258" x1="70.45" y1="87.89" x2="67.02" y2="98.98" gradientUnits="userSpaceOnUse" gradientTransform="matrix(1.3347615,0,0,1.3347615,-64.004907,-29.719317)"/>
  <linearGradient inkscape:collect="always" xlink:href="#linearGradient4252" id="linearGradient4253" gradientUnits="userSpaceOnUse" gradientTransform="matrix(1.3347615,0,0,1.3347615,126.79022,-31.703813)" x1="70.45" y1="87.89" x2="67.02" y2="98.98"/>
  <linearGradient inkscape:collect="always" xlink:href="#linearGradient4166" id="linearGradient4466" gradientUnits="userSpaceOnUse" gradientTransform="translate(-16.726467,0)" spreadMethod="reflect" x1="71.57" y1="29.14" x2="70.72" y2="-9.618"/>
  <radialGradient inkscape:collect="always" xlink:href="#linearGradient4190" id="radialGradient4468" gradientUnits="userSpaceOnUse" gradientTransform="matrix(1,0,0,3.7615895,-16.726467,-36.752994)" spreadMethod="reflect" cx="90.33" cy="9.549" fx="90.33" fy="9.549" r="9.321"/>
  <linearGradient inkscape:collect="always" xlink:href="#linearGradient965" id="linearGradient4470" gradientUnits="userSpaceOnUse" spreadMethod="reflect" x1="110.88" y1="22.918" x2="111.17" y2="-3.894"/>
  <linearGradient inkscape:collect="always" xlink:href="#linearGradient971" id="linearGradient4472" gradientUnits="userSpaceOnUse" spreadMethod="reflect" x1="173.4" y1="27.439" x2="173.12" y2="-9.05"/>
  <radialGradient inkscape:collect="always" xlink:href="#linearGradient965" id="radialGradient4474" gradientUnits="userSpaceOnUse" gradientTransform="matrix(1,0,0,3.7615895,0,-36.752994)" spreadMethod="reflect" cx="192.75" cy="10.677" fx="192.75" fy="10.677" r="9.321"/>
  <linearGradient inkscape:collect="always" xlink:href="#linearGradient4306" id="linearGradient4476" gradientUnits="userSpaceOnUse" spreadMethod="reflect" x1="84.22" y1="29.812" x2="83.64" y2="-5.426"/>
  <linearGradient inkscape:collect="always" xlink:href="#linearGradient4326" id="linearGradient4478" gradientUnits="userSpaceOnUse" gradientTransform="translate(24.137931,0.21551724)" spreadMethod="reflect" x1="84.22" y1="29.812" x2="83.64" y2="-5.426"/>
  <linearGradient inkscape:collect="always" xlink:href="#linearGradient4342-3" id="linearGradient4480" gradientUnits="userSpaceOnUse" gradientTransform="translate(50,0.21551724)" spreadMethod="reflect" x1="84.22" y1="29.812" x2="83.64" y2="-5.426"/>
  <linearGradient inkscape:collect="always" xlink:href="#linearGradient4203" id="linearGradient4482" gradientUnits="userSpaceOnUse" spreadMethod="reflect" x1="50.35" y1="-1.012" x2="50.709" y2="-19.734"/>
  <linearGradient inkscape:collect="always" xlink:href="#linearGradient4203" id="linearGradient4484" gradientUnits="userSpaceOnUse" spreadMethod="reflect" x1="165.45" y1="5.076" x2="166.11" y2="-14.711"/>
  <linearGradient inkscape:collect="always" xlink:href="#linearGradient4203" id="linearGradient4486" gradientUnits="userSpaceOnUse" spreadMethod="reflect" x1="62.787" y1="1.589" x2="66.46" y2="-20.02"/>
  <linearGradient inkscape:collect="always" xlink:href="#linearGradient4203" id="linearGradient4488" gradientUnits="userSpaceOnUse" spreadMethod="reflect" x1="76.61" y1="5.316" x2="77.12" y2="-14.167"/>
  <linearGradient inkscape:collect="always" xlink:href="#linearGradient4252" id="linearGradient4591" gradientUnits="userSpaceOnUse" gradientTransform="matrix(1.3347615,0,0,1.3347615,19.72548,-37.922632)" x1="70.45" y1="87.89" x2="67.02" y2="98.98"/>
  <linearGradient inkscape:collect="always" xlink:href="#linearGradient4252" id="linearGradient4595" gradientUnits="userSpaceOnUse" gradientTransform="matrix(1.3347615,0,0,1.3347615,80.54316,-37.639759)" x1="70.45" y1="87.89" x2="67.02" y2="98.98"/>
  <linearGradient inkscape:collect="always" xlink:href="#linearGradient4342" id="linearGradient958" gradientUnits="userSpaceOnUse" gradientTransform="translate(60.593172,25.692039)" x1="84.22" y1="29.812" x2="83.64" y2="-5.426" spreadMethod="reflect"/>
 </defs>
 <sodipodi:namedview id="base" pagecolor="#ff0000" bordercolor="#666666" borderopacity="1.0" inkscape:pageopacity="0" inkscape:pageshadow="2" inkscape:zoom="3.5117188" inkscape:cx="128" inkscape:cy="128" inkscape:current-layer="layer1" showgrid="true" inkscape:grid-bbox="true" inkscape:document-units="px" inkscape:grid-points="false" showguides="true" inkscape:guide-bbox="true" inkscape:window-width="1920" inkscape:window-height="1056" inkscape:window-x="0" inkscape:window-y="0" width="128" height="128" inkscape:window-maximized="1" inkscape:snap-to-guides="false" inkscape:snap-grids="false" inkscape:snap-others="false" inkscape:object-nodes="false" inkscape:snap-nodes="false" inkscape:snap-global="false"/>
 <metadata id="metadata2165">
  <rdf:RDF>
   <cc:Work>
    <dc:format>image/svg+xml</dc:format>
    <dc:type rdf:resource="http://purl.org/dc/dcmitype/StillImage"/>
    <dc:title/>
   </cc:Work>
  </rdf:RDF>
 </metadata>
 <g id="layer1" inkscape:label="Layer 1" inkscape:groupmode="layer" transform="translate(0,128)">
  <ellipse id="ellipse4593" cx="173.69" cy="87.07" rx="11.09" ry="5.283" opacity="1" stroke-dasharray="none" stroke-opacity="1" fill="#000000" fill-rule="evenodd" stroke="url(#linearGradient4595)" stroke-linejoin="round" fill-opacity="1" stroke-linecap="round" stroke-width="1.869" stroke-dashoffset="0" stroke-miterlimit="4"/>
  <ellipse ry="5.283" rx="11.09" cy="86.79" cx="112.88" id="ellipse4589" opacity="1" stroke-dasharray="none" stroke-opacity="1" fill="#000000" fill-rule="evenodd" stroke="url(#linearGradient4591)" stroke-linejoin="round" fill-opacity="1" stroke-linecap="round" stroke-width="1.869" stroke-dashoffset="0" stroke-miterlimit="4"/>
  <g id="g4579" transform="translate(135.71429,-9.7557306)">
   <path d="m -14.302484,97.027913 c -0.179775,1.588673 -16.631362,1.874351 -16.689974,-0.02194 l 0.282878,-71.412963 16.452427,-0.814187 z" id="path4533" inkscape:connector-curvature="0" sodipodi:nodetypes="ccccc" stroke-opacity="1" fill="#a6a6a6" fill-rule="evenodd" stroke="none" stroke-linejoin="miter" fill-opacity="1" stroke-linecap="butt" stroke-width="1"/>
   <path sodipodi:nodetypes="ccccc" inkscape:connector-curvature="0" id="path4537" d="m -16.111906,24.897429 0.212446,72.455526 c -1.650786,0.678953 -3.317224,0.603839 -4.721593,0.757944 l -0.403652,-72.5415 z" stroke-opacity="1" fill="#ffffff" fill-rule="evenodd" stroke="none" stroke-linejoin="miter" fill-opacity="0.143" stroke-linecap="butt" stroke-width="1"/>
   <path d="m -16.6218,24.943706 0.148714,72.737886 c -1.650787,0.678957 -1.468861,0.359475 -2.873231,0.51358 l -0.467394,-72.95962 z" id="path4539" inkscape:connector-curvature="0" sodipodi:nodetypes="ccccc" stroke-opacity="1" fill="#ffffff" fill-rule="evenodd" stroke="none" stroke-linejoin="miter" fill-opacity="0.143" stroke-linecap="butt" stroke-width="1"/>
   <path sodipodi:nodetypes="ccccc" inkscape:connector-curvature="0" id="path4541" d="m -17.3229,25.022486 -0.233707,72.68908 c 0,0 0.315759,0.169411 -1.08861,0.323516 l -0.467394,-72.937963 z" stroke-opacity="1" fill="#ffffff" fill-rule="evenodd" stroke="none" stroke-linejoin="miter" fill-opacity="0.143" stroke-linecap="butt" stroke-width="1"/>
   <path d="m -24.052031,26.016069 0.100913,71.965868 c -2.155341,0.335053 -5.449254,-0.481936 -5.449254,-0.481936 l 0.308068,-70.94772 c 0,0 0,0 5.040273,-0.536212 z" id="path4545" inkscape:connector-curvature="0" sodipodi:nodetypes="ccccc" stroke-opacity="1" fill="#1c1c1c" fill-rule="evenodd" stroke="none" stroke-linejoin="miter" fill-opacity="0.143" stroke-linecap="butt" stroke-width="1"/>
   <path sodipodi:nodetypes="ccccc" inkscape:connector-curvature="0" id="path4547" d="m -24.753131,26.151824 0.228387,72.022989 c -2.155341,0.335053 -4.302002,-0.454782 -4.302002,-0.454782 l 0.244337,-71.222057 z" stroke-opacity="1" fill="#1c1c1c" fill-rule="evenodd" stroke="none" stroke-linejoin="miter" fill-opacity="0.143" stroke-linecap="butt" stroke-width="1"/>
   <path d="m -25.645446,26.423345 0.35586,71.452337 c -2.155341,0.335048 -2.772318,-0.509091 -2.772318,-0.509091 l 0.244336,-71.004372 z" id="path4549" inkscape:connector-curvature="0" sodipodi:nodetypes="ccccc" stroke-opacity="1" fill="#1c1c1c" fill-rule="evenodd" stroke="none" stroke-linejoin="miter" fill-opacity="0.143" stroke-linecap="butt" stroke-width="1"/>
   <path sodipodi:nodetypes="cc" inkscape:connector-curvature="0" id="path4551" d="m -14.767392,24.69545 0.03091,72.793068" stroke-opacity="0.584" fill="none" fill-rule="evenodd" stroke="#dcdcdc" stroke-linejoin="miter" stroke-linecap="butt" stroke-width="0.653"/>
  </g>
  <g id="g4437" transform="matrix(0,-1,1,0,100.09638,118.19429)">
   <rect id="rect4359" width="37.905" height="71" x="42.677" y="-22.21" ry="35.501" rx="10.466" opacity="1" stroke-dasharray="none" stroke-opacity="1" fill="url(#linearGradient4466)" fill-rule="evenodd" stroke="#000000" stroke-linejoin="round" fill-opacity="1" stroke-linecap="round" stroke-width="1.1" stroke-dashoffset="0" stroke-miterlimit="4"/>
   <ellipse ry="35.06" rx="9.321" cy="13.309" cx="70.777" id="ellipse4361" opacity="1" stroke-dasharray="none" stroke-opacity="1" fill="url(#radialGradient4468)" fill-rule="evenodd" stroke="#7b7b7b" stroke-linejoin="round" fill-opacity="1" stroke-linecap="round" stroke-width="1.6" stroke-dashoffset="0" stroke-miterlimit="4"/>
   <rect id="rect4363" width="112.38" height="59.55" x="64.981" y="-16.699" rx="7.49" ry="29.777" opacity="1" stroke-dasharray="none" stroke-opacity="1" fill="url(#linearGradient4470)" fill-rule="evenodd" stroke="#000000" stroke-linejoin="round" fill-opacity="1" stroke-linecap="round" stroke-width="1.4" stroke-dashoffset="0" stroke-miterlimit="4"/>
   <rect rx="10.466" ry="35.501" y="-22.21" x="160.67" height="71" width="37.905" id="rect4365" opacity="1" stroke-dasharray="none" stroke-opacity="1" fill="url(#linearGradient4472)" fill-rule="evenodd" stroke="#7c7c7c" stroke-linejoin="round" fill-opacity="1" stroke-linecap="round" stroke-width="1.4" stroke-dashoffset="0" stroke-miterlimit="4"/>
   <ellipse id="ellipse4367" cx="189.07" cy="13.309" rx="9.321" ry="35.06" opacity="1" stroke-dasharray="none" stroke-opacity="1" fill="url(#radialGradient4474)" fill-rule="evenodd" stroke="none" stroke-linejoin="round" fill-opacity="1" stroke-linecap="round" stroke-width="3" stroke-dashoffset="0" stroke-miterlimit="4"/>
   <g id="g4369">
    <path d="m 226.80275,61.530244 c -0.17977,3.729182 -16.63089,9.945402 -16.6895,5.494085 l 0.28287,-32.24751 c 0.21875,-8.527671 -5.03673,-9.528265 -10.74917,-9.90055 l -8.20332,-0.28288 c -5.67771,-0.196927 -5.61411,-19.0612114 0.34381,-18.8616102 l 10.40537,-0.029738 c 11.59521,-0.035469 24.30804,7.7881862 24.65527,27.1635562 z" id="path4371" inkscape:connector-curvature="0" sodipodi:nodetypes="ccccccccc" stroke-opacity="1" fill="#a6a6a6" fill-rule="evenodd" stroke="none" stroke-linejoin="miter" fill-opacity="1" stroke-linecap="butt" stroke-width="1"/>
    <g id="g4373" fill="#ffffff" fill-opacity="0.143">
     <path d="m 190.71644,7.3138209 15.84259,0.30273 c 9.64941,0.6371531 15.9463,9.0231721 18.43435,18.8060891 l 0.21244,40.262364 c -1.65074,1.593753 -3.31713,1.417433 -4.72146,1.779172 l -0.40364,-40.46418 C 219.52347,17.677383 211.11085,11.649665 204.85421,11.360829 l -16.20905,0.154029 z" id="path4375" inkscape:connector-curvature="0" sodipodi:nodetypes="ccccccccc" stroke-opacity="1" fill="#ffffff" fill-rule="evenodd" stroke="none" stroke-linejoin="miter" fill-opacity="0.143" stroke-linecap="butt" stroke-width="1"/>
     <path sodipodi:nodetypes="ccccccccc" inkscape:connector-curvature="0" id="path4377" d="m 191.54499,8.0149044 14.69537,0.1752603 c 9.64941,0.6371531 15.75509,8.7682323 18.24314,18.5511493 l 0.14871,39.561281 c -1.65074,1.593753 -1.46882,0.843819 -2.87315,1.205558 l -0.46738,-40.081771 c -0.55725,-10.322613 -10.05336,-17.178884 -16.31,-17.46772 l -15.06182,0.345234 z" stroke-opacity="1" fill="#ffffff" fill-rule="evenodd" stroke="none" stroke-linejoin="miter" fill-opacity="0.143" stroke-linecap="butt" stroke-width="1"/>
     <path d="m 192.05487,8.4610484 13.99429,0.047791 c 9.64941,0.6371531 15.24521,8.7044966 17.73326,18.4874136 l -0.2337,38.222849 c 0,0 0.31575,0.397675 -1.08858,0.759414 L 221.99276,27.171443 C 221.43551,16.84883 211.87567,9.6738842 205.61903,9.3850482 l -14.93435,0.345234 z" id="path4379" inkscape:connector-curvature="0" sodipodi:nodetypes="ccccccccc" stroke-opacity="1" fill="#ffffff" fill-rule="evenodd" stroke="none" stroke-linejoin="miter" fill-opacity="0.143" stroke-linecap="butt" stroke-width="1"/>
    </g>
    <g id="g4381" fill="#1c1c1c" fill-opacity="0.143">
     <path sodipodi:nodetypes="ccccccccc" inkscape:connector-curvature="0" id="path4383" d="m 188.98506,17.632952 14.41926,0.238995 c 9.64941,0.637153 13.07836,7.307798 13.64916,17.89798 l 0.10091,32.391527 c -2.15528,0.786487 -5.4491,-1.13128 -5.4491,-1.13128 l 0.30806,-30.001565 C 211.4561,26.705996 208.67844,23.817043 202.4218,23.528207 l -11.80626,-0.573616 c -1.09877,-1.412715 -1.59413,-3.908924 -1.63048,-5.321639 z" stroke-opacity="1" fill="#1c1c1c" fill-rule="evenodd" stroke="none" stroke-linejoin="miter" fill-opacity="0.143" stroke-linecap="butt" stroke-width="1"/>
     <path d="m 189.55867,18.334035 13.84565,0.30273 c 9.64941,0.637153 12.37728,6.861654 12.94808,17.451836 l 0.22838,31.37177 c -2.15528,0.786487 -4.30188,-1.067546 -4.30188,-1.067546 l 0.24433,-29.491686 c -0.55725,-10.322613 -3.71732,-13.848914 -9.97396,-14.13775 l -11.48759,-0.446147 c -1.09877,-1.412715 -1.46666,-2.570492 -1.50301,-3.983207 z" id="path4385" inkscape:connector-curvature="0" sodipodi:nodetypes="ccccccccc" stroke-opacity="1" fill="#1c1c1c" fill-rule="evenodd" stroke="none" stroke-linejoin="miter" fill-opacity="0.143" stroke-linecap="butt" stroke-width="1"/>
     <path sodipodi:nodetypes="ccccccccc" inkscape:connector-curvature="0" id="path4387" d="m 190.25975,18.971384 13.14457,0.621404 c 9.64941,0.637153 11.48499,6.54298 12.05579,17.133162 l 0.35585,30.224542 c -2.15528,0.786487 -2.77224,-1.195016 -2.77224,-1.195016 l 0.24433,-29.173011 C 212.7308,26.259852 208.86964,22.287407 202.613,21.998571 l -11.23265,-0.254943 c -1.09877,-1.412715 -1.08425,-1.359529 -1.1206,-2.772244 z" stroke-opacity="1" fill="#1c1c1c" fill-rule="evenodd" stroke="none" stroke-linejoin="miter" fill-opacity="0.143" stroke-linecap="butt" stroke-width="1"/>
    </g>
   </g>
   <path d="m 85.900332,-16.947772 13.040975,0 c -13.040975,0 -12.757475,59.897942 0,59.897942 l -12.757475,0 C 74.066587,41.72826 72.68335,-16.562746 85.900332,-16.947772 Z" id="path4389" inkscape:connector-curvature="0" sodipodi:nodetypes="ccccc" stroke-opacity="1" fill="url(#linearGradient4476)" fill-rule="evenodd" stroke="none" stroke-linejoin="miter" fill-opacity="1" stroke-linecap="butt" stroke-width="1"/>
   <path sodipodi:nodetypes="ccccc" inkscape:connector-curvature="0" id="path4391" d="m 110.03826,-16.732255 13.04098,0 c -13.04098,0 -12.75748,59.897942 0,59.897942 l -12.75748,0 c -12.117242,-1.22191 -13.500479,-59.512916 -0.2835,-59.897942 z" stroke-opacity="1" fill="url(#linearGradient4478)" fill-rule="evenodd" stroke="none" stroke-linejoin="miter" fill-opacity="1" stroke-linecap="butt" stroke-width="1"/>
   <path d="m 135.90033,-16.732255 13.04098,0 c -13.04098,0 -12.75748,59.897942 0,59.897942 l -12.75748,0 c -12.11724,-1.22191 -13.50048,-59.512916 -0.2835,-59.897942 z" id="path4393" inkscape:connector-curvature="0" sodipodi:nodetypes="ccccc" stroke-opacity="1" fill="url(#linearGradient4480)" fill-rule="evenodd" stroke="none" stroke-linejoin="miter" fill-opacity="1" stroke-linecap="butt" stroke-width="1"/>
   <path d="m 75.878539,42.967241 c -1.650766,3.686566 -3.630437,5.828337 -5.763012,5.828337 l -16.97238,0 c -5.798329,0 -10.466298,-15.833247 -10.466298,-35.500553 0,-19.6673066 4.667969,-35.500553 10.466298,-35.500553 l 16.97238,0 c 1.968138,0 3.806043,1.824213 5.375368,5.003382" id="path4395" inkscape:connector-curvature="0" sodipodi:nodetypes="csssssc" opacity="1" stroke-dasharray="none" stroke-opacity="1" fill="none" fill-rule="evenodd" stroke="url(#linearGradient4482)" stroke-linejoin="round" fill-opacity="1" stroke-linecap="round" stroke-width="1.1" stroke-dashoffset="0" stroke-miterlimit="4"/>
   <path d="m 197.94053,25.555436 c -1.46564,13.590375 -5.30338,23.240142 -9.83002,23.240142 l -16.97238,0 c -5.79833,0 -10.4663,-15.833247 -10.4663,-35.500553 0,-19.6673066 4.66797,-35.500553 10.4663,-35.500553 l 16.97238,0 c 4.94161,0 9.06221,11.500091 10.17199,27.0726681" id="path4397" inkscape:connector-curvature="0" sodipodi:nodetypes="csssssc" opacity="1" stroke-dasharray="none" stroke-opacity="1" fill="none" fill-rule="evenodd" stroke="url(#linearGradient4484)" stroke-linejoin="round" fill-opacity="1" stroke-linecap="round" stroke-width="1.4" stroke-dashoffset="0" stroke-miterlimit="4"/>
   <path d="m 186.30218,-19.64144 c -9.20755,13.2061619 -9.0853,48.136163 -0.45662,65.90592" id="path4399" inkscape:connector-curvature="0" sodipodi:nodetypes="cc" stroke-opacity="1" fill="none" fill-rule="evenodd" stroke="#d9d9d9" stroke-linejoin="miter" stroke-linecap="butt" stroke-width="1"/>
   <path d="m 76.009089,42.329566 c -1.491694,3.812751 -3.292761,6.0408 -5.232172,6.040801 -5.147839,10e-7 -9.320988,-15.69767 -9.320988,-35.061729 0,-19.3640591 4.173148,-35.061731 9.320988,-35.06173 1.726937,0 3.344184,1.766602 4.730987,4.845583" id="path4401" inkscape:connector-curvature="0" sodipodi:nodetypes="csssc" opacity="1" stroke-dasharray="none" stroke-opacity="1" fill="none" fill-rule="evenodd" stroke="url(#linearGradient4486)" stroke-linejoin="round" fill-opacity="1" stroke-linecap="round" stroke-width="0.9" stroke-dashoffset="0" stroke-miterlimit="4"/>
   <path d="m 191.62945,5.77724 14.45973,0.15221 c 11.5007,2.349335 18.94731,9.410161 20.31869,25.130202 l -0.0391,30.877372" id="path4403" inkscape:connector-curvature="0" sodipodi:nodetypes="cccc" stroke-opacity="0.584" fill="none" fill-rule="evenodd" stroke="#dcdcdc" stroke-linejoin="miter" stroke-linecap="butt" stroke-width="1"/>
   <path d="M 191.78166,24.955409 C 186.81363,20.034319 188.15795,14.281218 188.43309,9.73464" id="path4405" inkscape:connector-curvature="0" sodipodi:nodetypes="cc" stroke-opacity="0.104" fill="none" fill-rule="evenodd" stroke="#000000" stroke-linejoin="miter" stroke-linecap="butt" stroke-width="1"/>
   <path d="m 164.8409,42.855249 -92.369536,0 c -4.149665,0 -7.490369,-13.280509 -7.490369,-29.776928 0,-16.4964176 3.340704,-29.776927 7.490369,-29.776927 l 92.217326,0" id="path4409" inkscape:connector-curvature="0" sodipodi:nodetypes="csssc" opacity="1" stroke-dasharray="none" stroke-opacity="1" fill="none" fill-rule="evenodd" stroke="url(#linearGradient4488)" stroke-linejoin="round" fill-opacity="1" stroke-linecap="round" stroke-width="1.4" stroke-dashoffset="0" stroke-miterlimit="4"/>
   <path d="m 72.295515,-16.32718 92.348285,-0.5277" id="path4411" inkscape:connector-curvature="0" stroke-opacity="0.357" fill="none" fill-rule="evenodd" stroke="#9a9a9a" stroke-linejoin="miter" stroke-linecap="butt" stroke-width="1"/>
  </g>
  <g id="g4516">
   <g id="g4490" transform="translate(-44.225913,-115.38427)">
    <path d="m 226.80275,202.46048 c -0.17977,3.72919 -16.63089,4.39978 -16.6895,-0.0515 l 0.28287,-167.632121 c 0.21875,-8.527671 -3.18819,-11.464832 -8.90063,-11.837117 l -10.58001,0.421326 c -1.8448,-0.556263 -2.64036,-13.5082922 -0.18435,-16.4849139 l 11.54971,-0.029738 c 11.59521,-0.035469 24.22001,6.6438509 24.56724,26.0192209 z" id="path4492" inkscape:connector-curvature="0" sodipodi:nodetypes="ccccccccc" stroke-opacity="1" fill="#a6a6a6" fill-rule="evenodd" stroke="none" stroke-linejoin="miter" fill-opacity="1" stroke-linecap="butt" stroke-width="1"/>
    <g id="g4494" fill="#ffffff" fill-opacity="0.143">
     <path d="m 189.80643,8.5777238 16.24704,-0.4556117 c 9.64941,0.6371531 16.45186,8.5176109 18.93991,18.3005279 l 0.21244,176.80083 c -1.65074,1.59375 -3.31713,1.41743 -4.72146,1.77917 L 220.08072,27.999996 C 219.52347,17.677383 210.95918,13.166349 204.70254,12.877513 l -15.55182,0.255141 z" id="path4496" inkscape:connector-curvature="0" sodipodi:nodetypes="ccccccccc" stroke-opacity="1" fill="#ffffff" fill-rule="evenodd" stroke="none" stroke-linejoin="miter" fill-opacity="0.143" stroke-linecap="butt" stroke-width="1"/>
     <path sodipodi:nodetypes="ccccccccc" inkscape:connector-curvature="0" id="path4498" d="M 189.77553,9.0260267 205.7348,8.6451698 c 9.64941,0.6371531 16.26065,8.3132272 18.7487,18.0961442 l 0.14871,177.253586 c -1.65074,1.59376 -1.46882,0.84382 -2.87315,1.20556 L 221.29168,27.426382 C 220.73443,17.103769 211.54166,12.219187 205.28502,11.930351 l -15.76961,0.09245 z" stroke-opacity="1" fill="#ffffff" fill-rule="evenodd" stroke="none" stroke-linejoin="miter" fill-opacity="0.143" stroke-linecap="butt" stroke-width="1"/>
     <path d="m 189.57762,9.8260636 16.21876,-0.356658 c 9.64941,0.6371534 15.49799,7.7439304 17.98604,17.5268474 l -0.2337,177.069007 c 0,0 0.31575,0.39767 -1.08858,0.75941 L 221.99276,27.171443 C 221.43551,16.84883 211.82511,11.696129 205.56847,11.407293 l -16.04658,-0.05922 z" id="path4500" inkscape:connector-curvature="0" sodipodi:nodetypes="ccccccccc" stroke-opacity="1" fill="#ffffff" fill-rule="evenodd" stroke="none" stroke-linejoin="miter" fill-opacity="0.143" stroke-linecap="butt" stroke-width="1"/>
    </g>
    <g id="g4502" fill="#1c1c1c" fill-opacity="0.143">
     <path sodipodi:nodetypes="ccccccccc" inkscape:connector-curvature="0" id="path4504" d="m 189.25687,16.477754 14.38528,-0.06679 c 9.64941,0.637153 12.84053,8.768784 13.41133,19.358966 l 0.10091,168.92999 c -2.15528,0.78649 -5.4491,-1.13128 -5.4491,-1.13128 l 0.30806,-166.540028 c -0.55725,-10.322613 -3.0631,-14.944364 -9.31974,-15.2332 l -12.99543,-0.301804 c -0.0952,-1.842801 -0.27143,-3.660363 -0.44131,-5.015854 z" stroke-opacity="1" fill="#1c1c1c" fill-rule="evenodd" stroke="none" stroke-linejoin="miter" fill-opacity="0.143" stroke-linecap="butt" stroke-width="1"/>
     <path d="m 189.25288,17.178837 14.25337,-0.03704 c 9.64941,0.637153 12.27535,8.356617 12.84615,18.946799 l 0.22838,169.064074 c -2.15528,0.78649 -4.30188,-1.06754 -4.30188,-1.06754 l 0.24433,-167.183996 c -0.55725,-10.322608 -3.10574,-15.513754 -9.36238,-15.80259 l -13.39027,0.02952 c -0.59111,-1.53963 -0.2979,-2.582376 -0.5177,-3.949227 z" id="path4506" inkscape:connector-curvature="0" sodipodi:nodetypes="ccccccccc" stroke-opacity="1" fill="#1c1c1c" fill-rule="evenodd" stroke="none" stroke-linejoin="miter" fill-opacity="0.143" stroke-linecap="butt" stroke-width="1"/>
     <path sodipodi:nodetypes="ccccccccc" inkscape:connector-curvature="0" id="path4508" d="m 189.20648,17.918114 14.09591,-0.05812 c 9.64941,0.637153 11.58692,8.275778 12.15772,18.86596 l 0.35585,167.724546 c -2.15528,0.78648 -2.77224,-1.19502 -2.77224,-1.19502 L 213.28805,36.582469 C 212.7308,26.259852 209.17543,20.520633 202.91879,20.231797 l -13.611,0.05084 c -1.09877,-1.412715 -0.065,-0.951813 -0.10131,-2.364523 z" stroke-opacity="1" fill="#1c1c1c" fill-rule="evenodd" stroke="none" stroke-linejoin="miter" fill-opacity="0.143" stroke-linecap="butt" stroke-width="1"/>
    </g>
   </g>
   <path d="m 145.99154,-108.16115 15.30253,-0.009 c 11.39959,1.43932 19.51651,8.12545 20.88789,23.845489 l -0.0391,172.482072" id="path4510" inkscape:connector-curvature="0" sodipodi:nodetypes="cccc" stroke-opacity="0.584" fill="none" fill-rule="evenodd" stroke="#dcdcdc" stroke-linejoin="miter" stroke-linecap="butt" stroke-width="1"/>
  </g>
  <ellipse ry="5.283" rx="11.09" cy="93.01" cx="219.94" id="ellipse4251" opacity="1" stroke-dasharray="none" stroke-opacity="1" fill="#000000" fill-rule="evenodd" stroke="url(#linearGradient4253)" stroke-linejoin="round" fill-opacity="1" stroke-linecap="round" stroke-width="1.869" stroke-dashoffset="0" stroke-miterlimit="4"/>
  <ellipse id="path4250" cx="29.15" cy="94.99" rx="11.09" ry="5.283" opacity="1" stroke-dasharray="none" stroke-opacity="1" fill="#000000" fill-rule="evenodd" stroke="url(#linearGradient4258)" stroke-linejoin="round" fill-opacity="1" stroke-linecap="round" stroke-width="1.869" stroke-dashoffset="0" stroke-miterlimit="4"/>
  <g id="g4284" transform="matrix(-1,0,0,1,247.40125,27.499446)">
   <path sodipodi:nodetypes="ccccccccc" inkscape:connector-curvature="0" id="path4286" d="m 226.80275,67.075869 c -0.17977,3.729182 -16.63089,4.399777 -16.6895,-0.05154 l 0.28287,-32.24751 c 0.21875,-8.527671 -5.03673,-9.528265 -10.74917,-9.90055 l -8.20332,-0.28288 c -5.67771,-0.196927 -5.61411,-19.0612114 0.34381,-18.8616102 l 10.40537,-0.029738 c 11.59521,-0.035469 24.30804,7.7881862 24.65527,27.1635562 z" stroke-opacity="1" fill="#a6a6a6" fill-rule="evenodd" stroke="none" stroke-linejoin="miter" fill-opacity="1" stroke-linecap="butt" stroke-width="1"/>
   <g id="g4288" fill="#ffffff" fill-opacity="0.143">
    <path sodipodi:nodetypes="ccccccccc" inkscape:connector-curvature="0" id="path4290" d="m 190.71644,7.3138209 15.84259,0.30273 c 9.64941,0.6371531 15.9463,9.0231721 18.43435,18.8060891 l 0.21244,40.262364 c -1.65074,1.593753 -3.31713,1.417433 -4.72146,1.779172 l -0.40364,-40.46418 C 219.52347,17.677383 211.11085,11.649665 204.85421,11.360829 l -16.20905,0.154029 z" stroke-opacity="1" fill="#ffffff" fill-rule="evenodd" stroke="none" stroke-linejoin="miter" fill-opacity="0.143" stroke-linecap="butt" stroke-width="1"/>
    <path d="m 191.54499,8.0149044 14.69537,0.1752603 c 9.64941,0.6371531 15.75509,8.7682323 18.24314,18.5511493 l 0.14871,39.561281 c -1.65074,1.593753 -1.46882,0.843819 -2.87315,1.205558 l -0.46738,-40.081771 c -0.55725,-10.322613 -10.05336,-17.178884 -16.31,-17.46772 l -15.06182,0.345234 z" id="path4292" inkscape:connector-curvature="0" sodipodi:nodetypes="ccccccccc" stroke-opacity="1" fill="#ffffff" fill-rule="evenodd" stroke="none" stroke-linejoin="miter" fill-opacity="0.143" stroke-linecap="butt" stroke-width="1"/>
    <path sodipodi:nodetypes="ccccccccc" inkscape:connector-curvature="0" id="path4294" d="m 192.05487,8.4610484 13.99429,0.047791 c 9.64941,0.6371531 15.24521,8.7044966 17.73326,18.4874136 l -0.2337,38.222849 c 0,0 0.31575,0.397675 -1.08858,0.759414 L 221.99276,27.171443 C 221.43551,16.84883 211.87567,9.6738842 205.61903,9.3850482 l -14.93435,0.345234 z" stroke-opacity="1" fill="#ffffff" fill-rule="evenodd" stroke="none" stroke-linejoin="miter" fill-opacity="0.143" stroke-linecap="butt" stroke-width="1"/>
   </g>
   <g id="g4296" fill="#1c1c1c" fill-opacity="0.143">
    <path d="m 188.98506,17.632952 14.41926,0.238995 c 9.64941,0.637153 13.07836,7.307798 13.64916,17.89798 l 0.10091,32.391527 c -2.15528,0.786487 -5.4491,-1.13128 -5.4491,-1.13128 l 0.30806,-30.001565 C 211.4561,26.705996 208.67844,23.817043 202.4218,23.528207 l -11.80626,-0.573616 c -1.09877,-1.412715 -1.59413,-3.908924 -1.63048,-5.321639 z" id="path4298" inkscape:connector-curvature="0" sodipodi:nodetypes="ccccccccc" stroke-opacity="1" fill="#1c1c1c" fill-rule="evenodd" stroke="none" stroke-linejoin="miter" fill-opacity="0.143" stroke-linecap="butt" stroke-width="1"/>
    <path sodipodi:nodetypes="ccccccccc" inkscape:connector-curvature="0" id="path4300" d="m 189.55867,18.334035 13.84565,0.30273 c 9.64941,0.637153 12.37728,6.861654 12.94808,17.451836 l 0.22838,31.37177 c -2.15528,0.786487 -4.30188,-1.067546 -4.30188,-1.067546 l 0.24433,-29.491686 c -0.55725,-10.322613 -3.71732,-13.848914 -9.97396,-14.13775 l -11.48759,-0.446147 c -1.09877,-1.412715 -1.46666,-2.570492 -1.50301,-3.983207 z" stroke-opacity="1" fill="#1c1c1c" fill-rule="evenodd" stroke="none" stroke-linejoin="miter" fill-opacity="0.143" stroke-linecap="butt" stroke-width="1"/>
    <path d="m 190.25975,18.971384 13.14457,0.621404 c 9.64941,0.637153 11.48499,6.54298 12.05579,17.133162 l 0.35585,30.224542 c -2.15528,0.786487 -2.77224,-1.195016 -2.77224,-1.195016 l 0.24433,-29.173011 C 212.7308,26.259852 208.86964,22.287407 202.613,21.998571 l -11.23265,-0.254943 c -1.09877,-1.412715 -1.08425,-1.359529 -1.1206,-2.772244 z" id="path4302" inkscape:connector-curvature="0" sodipodi:nodetypes="ccccccccc" stroke-opacity="1" fill="#1c1c1c" fill-rule="evenodd" stroke="none" stroke-linejoin="miter" fill-opacity="0.143" stroke-linecap="butt" stroke-width="1"/>
   </g>
  </g>
  <g id="g2172" transform="matrix(1.1193589,0,0,1.4232849,0.1358996,-7.0114341)"/>
  <rect id="rect4150" width="37.905" height="71" x="43.811" y="3.593" ry="35.501" rx="10.466" opacity="1" stroke-dasharray="none" stroke-opacity="1" fill="url(#linearGradient4188)" fill-rule="evenodd" stroke="#000000" stroke-linejoin="round" fill-opacity="1" stroke-linecap="round" stroke-width="1.1" stroke-dashoffset="0" stroke-miterlimit="4"/>
  <ellipse ry="35.06" rx="9.321" cy="39.11" cx="71.911" id="ellipse4162" opacity="1" stroke-dasharray="none" stroke-opacity="1" fill="url(#radialGradient4204)" fill-rule="evenodd" stroke="#7b7b7b" stroke-linejoin="round" fill-opacity="1" stroke-linecap="round" stroke-width="1.6" stroke-dashoffset="0" stroke-miterlimit="4"/>
  <rect id="rect4152" width="112.38" height="59.55" x="66.11" y="9.1" rx="7.49" ry="29.777" opacity="1" stroke-dasharray="none" stroke-opacity="1" fill="url(#linearGradient4172)" fill-rule="evenodd" stroke="#000000" stroke-linejoin="round" fill-opacity="1" stroke-linecap="round" stroke-width="1.4" stroke-dashoffset="0" stroke-miterlimit="4"/>
  <rect rx="10.466" ry="35.501" y="3.593" x="161.81" height="71" width="37.905" id="rect4156" opacity="1" stroke-dasharray="none" stroke-opacity="1" fill="url(#linearGradient4180)" fill-rule="evenodd" stroke="#7c7c7c" stroke-linejoin="round" fill-opacity="1" stroke-linecap="round" stroke-width="1.4" stroke-dashoffset="0" stroke-miterlimit="4"/>
  <ellipse id="path4160" cx="190.21" cy="39.11" rx="9.321" ry="35.06" opacity="1" stroke-dasharray="none" stroke-opacity="1" fill="url(#radialGradient4196)" fill-rule="evenodd" stroke="none" stroke-linejoin="round" fill-opacity="1" stroke-linecap="round" stroke-width="3" stroke-dashoffset="0" stroke-miterlimit="4"/>
  <g id="g4273" transform="translate(1.1339978,25.798449)">
   <path d="m 226.80275,67.075869 c -0.17977,3.729182 -16.63089,4.399777 -16.6895,-0.05154 l 0.28287,-32.24751 c 0.21875,-8.527671 -5.03673,-9.528265 -10.74917,-9.90055 l -8.20332,-0.28288 c -5.67771,-0.196927 -5.61411,-19.0612114 0.34381,-18.8616102 l 10.40537,-0.029738 c 11.59521,-0.035469 24.30804,7.7881862 24.65527,27.1635562 z" id="path4158" inkscape:connector-curvature="0" sodipodi:nodetypes="ccccccccc" stroke-opacity="1" fill="#a6a6a6" fill-rule="evenodd" stroke="none" stroke-linejoin="miter" fill-opacity="1" stroke-linecap="butt" stroke-width="1"/>
   <g id="g4268" fill="#ffffff" fill-opacity="0.143">
    <path d="m 190.71644,7.3138209 15.84259,0.30273 c 9.64941,0.6371531 15.9463,9.0231721 18.43435,18.8060891 l 0.21244,40.262364 c -1.65074,1.593753 -3.31713,1.417433 -4.72146,1.779172 l -0.40364,-40.46418 C 219.52347,17.677383 211.11085,11.649665 204.85421,11.360829 l -16.20905,0.154029 z" id="path4211" inkscape:connector-curvature="0" sodipodi:nodetypes="ccccccccc" stroke-opacity="1" fill="#ffffff" fill-rule="evenodd" stroke="none" stroke-linejoin="miter" fill-opacity="0.143" stroke-linecap="butt" stroke-width="1"/>
    <path sodipodi:nodetypes="ccccccccc" inkscape:connector-curvature="0" id="path4247" d="m 191.54499,8.0149044 14.69537,0.1752603 c 9.64941,0.6371531 15.75509,8.7682323 18.24314,18.5511493 l 0.14871,39.561281 c -1.65074,1.593753 -1.46882,0.843819 -2.87315,1.205558 l -0.46738,-40.081771 c -0.55725,-10.322613 -10.05336,-17.178884 -16.31,-17.46772 l -15.06182,0.345234 z" stroke-opacity="1" fill="#ffffff" fill-rule="evenodd" stroke="none" stroke-linejoin="miter" fill-opacity="0.143" stroke-linecap="butt" stroke-width="1"/>
    <path d="m 192.05487,8.4610484 13.99429,0.047791 c 9.64941,0.6371531 15.24521,8.7044966 17.73326,18.4874136 l -0.2337,38.222849 c 0,0 0.31575,0.397675 -1.08858,0.759414 L 221.99276,27.171443 C 221.43551,16.84883 211.87567,9.6738842 205.61903,9.3850482 l -14.93435,0.345234 z" id="path4249" inkscape:connector-curvature="0" sodipodi:nodetypes="ccccccccc" stroke-opacity="1" fill="#ffffff" fill-rule="evenodd" stroke="none" stroke-linejoin="miter" fill-opacity="0.143" stroke-linecap="butt" stroke-width="1"/>
   </g>
   <g id="g4263" fill="#1c1c1c" fill-opacity="0.143">
    <path sodipodi:nodetypes="ccccccccc" inkscape:connector-curvature="0" id="path4225" d="m 188.98506,17.632952 14.41926,0.238995 c 9.64941,0.637153 13.07836,7.307798 13.64916,17.89798 l 0.10091,32.391527 c -2.15528,0.786487 -5.4491,-1.13128 -5.4491,-1.13128 l 0.30806,-30.001565 C 211.4561,26.705996 208.67844,23.817043 202.4218,23.528207 l -11.80626,-0.573616 c -1.09877,-1.412715 -1.59413,-3.908924 -1.63048,-5.321639 z" stroke-opacity="1" fill="#1c1c1c" fill-rule="evenodd" stroke="none" stroke-linejoin="miter" fill-opacity="0.143" stroke-linecap="butt" stroke-width="1"/>
    <path d="m 189.55867,18.334035 13.84565,0.30273 c 9.64941,0.637153 12.37728,6.861654 12.94808,17.451836 l 0.22838,31.37177 c -2.15528,0.786487 -4.30188,-1.067546 -4.30188,-1.067546 l 0.24433,-29.491686 c -0.55725,-10.322613 -3.71732,-13.848914 -9.97396,-14.13775 l -11.48759,-0.446147 c -1.09877,-1.412715 -1.46666,-2.570492 -1.50301,-3.983207 z" id="path4259" inkscape:connector-curvature="0" sodipodi:nodetypes="ccccccccc" stroke-opacity="1" fill="#1c1c1c" fill-rule="evenodd" stroke="none" stroke-linejoin="miter" fill-opacity="0.143" stroke-linecap="butt" stroke-width="1"/>
